tweetid,author_id,text,created_at,geo,retweets,replies,likes,quote_count,lang,conversation_id,context_annotations,entities,attachments,possibly_sensitive,withheld,reply_settings,source
1523994712566546434,1468319248569094145,@lucieel__ chupame el escroto y yo que te hablo xon la mejor vos sos un desubicado de proheris,2022-05-10 11:53:48+00:00,,0,1,0,0,es,1522472427942559746,[],"{'mentions': [{'start': 0, 'end': 10, 'username': 'lucieel__', 'id': '1520129275902369793'}]}",,False,,everyone,Twitter for Android
1526153551692562432,1463884750800752644,"GAME ON! Another huge claim!

The @unstoppableweb #NFT #Domains for @Roblox have been claimed. All TLD’s taken.

Once other gaming companies follow suit, it’s “game over” as far as adoption goes. Let’s get the word out #UDfam . RT &amp; tag in other gaming companies. https://t.co/sn2LhhHpG4",2022-05-16 10:52:15+00:00,,13,4,22,2,en,1526153551692562432,"[{'domain': {'id': '71', 'name': 'Video Game', 'description': 'A video game like Overwatch'}, 'entity': {'id': '1088118927580774400', 'name': 'Roblox', 'description': 'Roblox'}}]","{'hashtags': [{'start': 50, 'end': 54, 'tag': 'NFT'}, {'start': 55, 'end': 63, 'tag': 'Domains'}, {'start': 219, 'end': 225, 'tag': 'UDfam'}], 'urls': [{'start': 268, 'end': 291, 'url': 'https://t.co/sn2LhhHpG4', 'expanded_url': 'https://twitter.com/Ethernetexplora/status/1526153551692562432/photo/1', 'display_url': 'pic.twitter.com/sn2LhhHpG4', 'media_key': '3_1526153545124392966'}], 'mentions': [{'start': 34, 'end': 49, 'username': 'unstoppableweb', 'id': '1101647425867902976'}, {'start': 68, 'end': 75, 'username': 'Roblox', 'id': '16745055'}]}",{'media_keys': ['3_1526153545124392966']},False,,everyone,Twitter for iPhone
1525024119661674496,1521798036392927234,@Roblox @dressxcom roblox no one wants this like damn you guys are so damn money hungry,2022-05-13 08:04:18+00:00,,0,3,8,0,en,1524783385305939970,"[{'domain': {'id': '71', 'name': 'Video Game', 'description': 'A video game like Overwatch'}, 'entity': {'id': '1088118927580774400', 'name': 'Roblox', 'description': 'Roblox'}}]","{'mentions': [{'start': 0, 'end': 7, 'username': 'Roblox', 'id': '16745055'}, {'start': 8, 'end': 18, 'username': 'dressxcom', 'id': '1288177973745446912'}]}",,False,,everyone,Twitter for iPhone
1526146726251347969,1491140314932953096,"The first 20 people who send the 10 robux gamepass link will get 10 robux!
😳😳😳

#robux #freerobux #robuxgiveaway #roblox",2022-05-16 10:25:08+00:00,,7,29,66,0,en,1526146726251347969,"[{'domain': {'id': '48', 'name': 'Product', 'description': 'Products created by Brands.  Examples: Ford Explorer, Apple iPhone.'}, 'entity': {'id': '1425921713150201858', 'name': 'Xbox Game Pass'}}, {'domain': {'id': '71', 'name': 'Video Game', 'description': 'A video game like Overwatch'}, 'entity': {'id': '1088118927580774400', 'name': 'Roblox', 'description': 'Roblox'}}, {'domain': {'id': '45', 'name': 'Brand Vertical', 'description': 'Top level entities that describe a Brands industry'}, 'entity': {'id': '781974597310615553', 'name': 'Entertainment'}}, {'domain': {'id': '46', 'name': 'Brand Category', 'description': 'Categories within Brand Verticals that narrow down the scope of Brands'}, 'entity': {'id': '781974597218340864', 'name': 'Video Games'}}, {'domain': {'id': '47', 'name': 'Brand', 'description': 'Brands and Companies'}, 'entity': {'id': '10027048851', 'name': 'Xbox'}}, {'domain': {'id': '79', 'name': 'Video Game Hardware', 'description': 'Video Game Hardware'}, 'entity': {'id': '10027048851', 'name': 'Xbox'}}]","{'hashtags': [{'start': 80, 'end': 86, 'tag': 'robux'}, {'start': 87, 'end': 97, 'tag': 'freerobux'}, {'start': 98, 'end': 112, 'tag': 'robuxgiveaway'}, {'start': 113, 'end': 120, 'tag': 'roblox'}]}",,False,,everyone,Twitter Web App
1526049426577543171,1525894267998289922,@DigitoPlays @Ninja50Fan So umm your probably going to say no I have bad luck so can u add me my Roblox username is dragons_ryder123 I will give all of my pixel demons for a huge or a rare exclusive but I’m really looking for my first ever huge your going to say no sry for bothering you good night,2022-05-16 03:58:30+00:00,,0,17,1,0,en,1525940696296849408,"[{'domain': {'id': '71', 'name': 'Video Game', 'description': 'A video game like Overwatch'}, 'entity': {'id': '1088118927580774400', 'name': 'Roblox', 'description': 'Roblox'}}]","{'annotations': [{'start': 97, 'end': 102, 'probability': 0.7211, 'type': 'Product', 'normalized_text': 'Roblox'}], 'mentions': [{'start': 0, 'end': 12, 'username': 'DigitoPlays', 'id': '1069006874811363328'}, {'start': 13, 'end': 24, 'username': 'Ninja50Fan', 'id': '1134447600902529024'}]}",,False,,everyone,Twitter for iPhone
1526155971482951681,1521885360321486848,https://t.co/Knr1KUXoAq,2022-05-16 11:01:52+00:00,,0,1,1,0,zxx,1526155971482951681,[],"{'urls': [{'start': 0, 'end': 23, 'url': 'https://t.co/Knr1KUXoAq', 'expanded_url': 'https://twitter.com/Rithwik69179899/status/1526155971482951681/photo/1', 'display_url': 'pic.twitter.com/Knr1KUXoAq', 'media_key': '3_1526155615659171840'}]}",{'media_keys': ['3_1526155615659171840']},False,,everyone,Twitter Web App
1525820290202206213,1394996915750768640,Roblox x Taylor Swift**,2022-05-15 12:48:00+00:00,,19,41,313,9,en,1525820290202206213,"[{'domain': {'id': '71', 'name': 'Video Game', 'description': 'A video game like Overwatch'}, 'entity': {'id': '1088118927580774400', 'name': 'Roblox', 'description': 'Roblox'}}, {'domain': {'id': '10', 'name': 'Person', 'description': 'Named people in the world like Nelson Mandela'}, 'entity': {'id': '806225270591995904', 'name': 'Taylor Swift', 'description': 'Taylor Swift'}}, {'domain': {'id': '54', 'name': 'Musician', 'description': 'A musician in the world, like Adele or Bob Dylan'}, 'entity': {'id': '806225270591995904', 'name': 'Taylor Swift', 'description': 'Taylor Swift'}}, {'domain': {'id': '55', 'name': 'Music Genre', 'description': 'A category for a musical style, like Pop, Rock, or Rap'}, 'entity': {'id': '810938279801470977', 'name': 'Pop', 'description': 'Pop'}}]","{'annotations': [{'start': 9, 'end': 20, 'probability': 0.9905, 'type': 'Person', 'normalized_text': 'Taylor Swift'}]}",,False,,everyone,TweetDeck
1526040921455964161,1407962767655587842,"No jodas, re igualito xD https://t.co/VEGtMElzqP",2022-05-16 03:24:42+00:00,,0,1,10,1,es,1526040921455964161,[],"{'urls': [{'start': 25, 'end': 48, 'url': 'https://t.co/VEGtMElzqP', 'expanded_url': 'https://twitter.com/nesputifarra/status/1526034107507036160', 'display_url': 'twitter.com/nesputifarra/s…'}]}",,False,,everyone,Twitter Web App
1526155263341895681,1072595778156326912,@AZPlayzGachaYT @TieAlt @Lucasifyy @Roblox_RTC gif = invalid point,2022-05-16 10:59:04+00:00,,0,1,1,0,en,1525831932348665856,[],"{'mentions': [{'start': 0, 'end': 15, 'username': 'AZPlayzGachaYT', 'id': '1198323369357111296'}, {'start': 16, 'end': 23, 'username': 'TieAlt', 'id': '1499210584918663169'}, {'start': 24, 'end': 34, 'username': 'Lucasifyy', 'id': '1405994190618648586'}, {'start': 35, 'end': 46, 'username': 'Roblox_RTC', 'id': '1056053249470541824'}]}",,False,,everyone,Twitter for Android
1525883534853799936,1360697559191146496,@2_dabs @Roblox_RTC Gameplay wise,2022-05-15 16:59:18+00:00,,0,2,0,0,en,1524909775644917761,[],"{'mentions': [{'start': 0, 'end': 7, 'username': '2_dabs', 'id': '1435722606934626311'}, {'start': 8, 'end': 19, 'username': 'Roblox_RTC', 'id': '1056053249470541824'}]}",,False,,everyone,Twitter for Android
1489047957609529354,1128802557143470085,"Frontlines early gameplay footage recorded during a public test earlier today.

#Roblox #RobloxDev #RBXDev #gamedev 
so hyped to be a part of this :0 https://t.co/YjX8bsjFHx",2022-02-03 01:27:52+00:00,,5267,1225,43984,4113,en,1489047957609529354,"[{'domain': {'id': '71', 'name': 'Video Game', 'description': 'A video game like Overwatch'}, 'entity': {'id': '1088118927580774400', 'name': 'Roblox', 'description': 'Roblox'}}]","{'hashtags': [{'start': 80, 'end': 87, 'tag': 'Roblox'}, {'start': 88, 'end': 98, 'tag': 'RobloxDev'}, {'start': 99, 'end': 106, 'tag': 'RBXDev'}, {'start': 107, 'end': 115, 'tag': 'gamedev'}], 'urls': [{'start': 150, 'end': 173, 'url': 'https://t.co/YjX8bsjFHx', 'expanded_url': 'https://twitter.com/1231551RBLX/status/1489047957609529354/video/1', 'display_url': 'pic.twitter.com/YjX8bsjFHx', 'media_key': '7_1489044614405369861'}]}",{'media_keys': ['7_1489044614405369861']},False,,everyone,Twitter Web App
1525836434044768256,1280632147343216641,Who has not won a Robux Code that wants one?,2022-05-15 13:52:09+00:00,,218,2079,1071,21,en,1525836434044768256,[],"{'annotations': [{'start': 18, 'end': 27, 'probability': 0.392, 'type': 'Product', 'normalized_text': 'Robux Code'}]}",,False,,everyone,Twitter Web App
1524084456721510400,1321484042605187073,@collaurbx @Roblox_RTC AWTFW,2022-05-10 17:50:25+00:00,,0,1,0,0,tl,1522668061899333632,[],"{'mentions': [{'start': 0, 'end': 10, 'username': 'collaurbx', 'id': '1478955058373054464'}, {'start': 11, 'end': 22, 'username': 'Roblox_RTC', 'id': '1056053249470541824'}]}",,False,,everyone,Twitter for Android
1526135021958049794,1506713313081794566,"꒰ 400 #robux giveaway ❗꒱
꒰ 4 winners of 100 robux each 💸 ꒱

꒰ ʚɞ┊rules ! ꒱ 🌿 [ ❗ ]

`✦ follow @jasphearttt !
`✦ like, retweet and comment when done !* ੈ✩‧˚

 ִֶָ 𓂃⊹ ִֶָ  increase your chances of winning down below ! goodluck ! #giveaway #roblox #robuxgiveaways",2022-05-16 09:38:38+00:00,,40,33,47,13,en,1526135021958049794,"[{'domain': {'id': '71', 'name': 'Video Game', 'description': 'A video game like Overwatch'}, 'entity': {'id': '1088118927580774400', 'name': 'Roblox', 'description': 'Roblox'}}]","{'hashtags': [{'start': 6, 'end': 12, 'tag': 'robux'}, {'start': 227, 'end': 236, 'tag': 'giveaway'}, {'start': 237, 'end': 244, 'tag': 'roblox'}, {'start': 245, 'end': 260, 'tag': 'robuxgiveaways'}]}",,False,,mentionedUsers,Twitter for Android
1525766765967720448,1492788105262567432,"👽 alien adoptable bid 👽
accepting rhd /rh stuff, robux

sb: 50k | 80
mi: 10k | 10
ab: ? | ?

robux must pay tax. repost if flopped

#adoptable #royalehigh #royalehightrade #royalehighcommissions #royalehightrades #Roblox #robloxart #royalehighartist #royalehighconcepts https://t.co/F70OPmEFNm",2022-05-15 09:15:19+00:00,,6,2,11,2,en,1525766765967720448,"[{'domain': {'id': '71', 'name': 'Video Game', 'description': 'A video game like Overwatch'}, 'entity': {'id': '1088118927580774400', 'name': 'Roblox', 'description': 'Roblox'}}, {'domain': {'id': '71', 'name': 'Video Game', 'description': 'A video game like Overwatch'}, 'entity': {'id': '1230882318224510978', 'name': 'Royale High'}}]","{'hashtags': [{'start': 132, 'end': 142, 'tag': 'adoptable'}, {'start': 143, 'end': 154, 'tag': 'royalehigh'}, {'start': 155, 'end': 171, 'tag': 'royalehightrade'}, {'start': 172, 'end': 194, 'tag': 'royalehighcommissions'}, {'start': 195, 'end': 212, 'tag': 'royalehightrades'}, {'start': 213, 'end': 220, 'tag': 'Roblox'}, {'start': 221, 'end': 231, 'tag': 'robloxart'}, {'start': 232, 'end': 249, 'tag': 'royalehighartist'}, {'start': 250, 'end': 269, 'tag': 'royalehighconcepts'}], 'urls': [{'start': 270, 'end': 293, 'url': 'https://t.co/F70OPmEFNm', 'expanded_url': 'https://twitter.com/itsloeve/status/1525766765967720448/photo/1', 'display_url': 'pic.twitter.com/F70OPmEFNm', 'media_key': '3_1525766758501842944'}]}",{'media_keys': ['3_1525766758501842944']},False,,everyone,Twitter for Android
1524481259959123968,1271249803649916928,@refrainbow post one more  episode and ur islapmaphovic and hate brown people,2022-05-11 20:07:10+00:00,,0,1,1,0,en,1521819025868660736,[],"{'mentions': [{'start': 0, 'end': 11, 'username': 'refrainbow', 'id': '1059779545'}]}",,False,,everyone,Twitter Web App
1526006891964506112,1478870227421171715,"🐸⨯﹕200k/Halo Gwy!

✿﹒Follow me + @eyemaren
 ✿﹒Must be in the discord server
✿﹒Like + Retweet/Retweet with tags

❯❯ 100+ Joins = 500k
❯❯ 200+ Joins = Halo

﹒👒㇀゛Extras in the comments!
---
https://t.co/wWfiZdmbcW",2022-05-16 01:09:29+00:00,,82,57,89,34,en,1526006891964506112,"[{'domain': {'id': '47', 'name': 'Brand', 'description': 'Brands and Companies'}, 'entity': {'id': '1168499224297656321', 'name': 'Discord'}}, {'domain': {'id': '165', 'name': 'Technology', 'description': 'for individual and types of technology, e.g., food technology, 3D printing'}, 'entity': {'id': '1196446161223028736', 'name': 'Social media'}}]","{'urls': [{'start': 187, 'end': 210, 'url': 'https://t.co/wWfiZdmbcW', 'expanded_url': 'https://discord.gg/Fv8rJHXP', 'display_url': 'discord.gg/Fv8rJHXP', 'status': 200, 'title': 'Discord - A New Way to Chat with Friends & Communities', 'description': 'Discord is the easiest way to communicate over voice, video, and text. Chat, hang out, and stay close with your friends and communities.', 'unwound_url': 'https://discord.com/invite/Fv8rJHXP'}], 'mentions': [{'start': 33, 'end': 42, 'username': 'eyemaren', 'id': '1057087657942093824'}]}",,False,,everyone,Twitter Web App
1526154819420925952,1505463252129808387,@xinwannabe Roblox is fun I like it,2022-05-16 10:57:18+00:00,,0,1,1,0,en,1526154080900775936,"[{'domain': {'id': '71', 'name': 'Video Game', 'description': 'A video game like Overwatch'}, 'entity': {'id': '1088118927580774400', 'name': 'Roblox', 'description': 'Roblox'}}]",,,False,,everyone,Twitter Web App
1525868350056050689,1198323369357111296,@TieAlt @Lucasifyy @Roblox_RTC You fell off https://t.co/4kpy37ypDd,2022-05-15 15:58:58+00:00,,0,3,0,0,en,1525831932348665856,[],"{'urls': [{'start': 44, 'end': 67, 'url': 'https://t.co/4kpy37ypDd', 'expanded_url': 'https://twitter.com/AZPlayzGachaYT/status/1525868350056050689/photo/1', 'display_url': 'pic.twitter.com/4kpy37ypDd', 'media_key': '16_1525868323782926336'}], 'mentions': [{'start': 0, 'end': 7, 'username': 'TieAlt', 'id': '1499210584918663169'}, {'start': 8, 'end': 18, 'username': 'Lucasifyy', 'id': '1405994190618648586'}, {'start': 19, 'end': 30, 'username': 'Roblox_RTC', 'id': '1056053249470541824'}]}",{'media_keys': ['16_1525868323782926336']},False,,everyone,Twitter for Android
1525913526879100928,1413528998202814464,Nazis here always decide that a Nazi mass shooting is a psy-op because the manifesto reads like one of their gay posts and they become embarrassed by their own reflection,2022-05-15 18:58:29+00:00,,234,18,1961,7,en,1525913526879100928,[],"{'annotations': [{'start': 32, 'end': 35, 'probability': 0.3446, 'type': 'Organization', 'normalized_text': 'Nazi'}]}",,False,,everyone,Twitter Web App
1525943558355636224,1465942797073088512,"GIVEAWAY TIME!! 

NR MERHORSE

Rules: 
- Follow me
- Like
- Retweet
- Comment when done! 

Extras in comments
Ends: May 16th
#adoptmegiveaway #adoptme https://t.co/S9QrJjefPe",2022-05-15 20:57:49+00:00,,72,73,79,33,en,1525943558355636224,[],"{'hashtags': [{'start': 125, 'end': 141, 'tag': 'adoptmegiveaway'}, {'start': 142, 'end': 150, 'tag': 'adoptme'}], 'urls': [{'start': 151, 'end': 174, 'url': 'https://t.co/S9QrJjefPe', 'expanded_url': 'https://twitter.com/44443011h/status/1525943558355636224/photo/1', 'display_url': 'pic.twitter.com/S9QrJjefPe', 'media_key': '3_1525943556262662144'}]}",{'media_keys': ['3_1525943556262662144']},False,,mentionedUsers,Twitter for Android
1526125421322207232,1333774601227173891,@crystlcals ikr like you need to stay focused in order to play it so in result you can't eat,2022-05-16 09:00:29+00:00,,0,2,2,0,en,1526123211548672002,[],"{'mentions': [{'start': 0, 'end': 11, 'username': 'crystlcals', 'id': '1523407070246146050'}]}",,False,,everyone,Twitter Web App
1525934175639027712,1260561495898894336,Just got banned from roblox for being a sponge https://t.co/23jcyAaoGn,2022-05-15 20:20:32+00:00,,556,528,8398,37,en,1525934175639027712,"[{'domain': {'id': '71', 'name': 'Video Game', 'description': 'A video game like Overwatch'}, 'entity': {'id': '1088118927580774400', 'name': 'Roblox', 'description': 'Roblox'}}]","{'urls': [{'start': 47, 'end': 70, 'url': 'https://t.co/23jcyAaoGn', 'expanded_url': 'https://twitter.com/DziredRblx/status/1525934175639027712/photo/1', 'display_url': 'pic.twitter.com/23jcyAaoGn', 'media_key': '3_1525934172023533569'}]}",{'media_keys': ['3_1525934172023533569']},False,,everyone,Twitter for iPhone
1525950790455672834,1405994190618648586,@Hi_MyNameIsBon @IOtjuj @Roblox_RTC twitter users missing the joke for the 9799789989787989789897th time https://t.co/SEhYtYn3UP,2022-05-15 21:26:33+00:00,,0,4,2,0,en,1525831932348665856,"[{'domain': {'id': '46', 'name': 'Brand Category', 'description': 'Categories within Brand Verticals that narrow down the scope of Brands'}, 'entity': {'id': '781974596752842752', 'name': 'Services'}}, {'domain': {'id': '47', 'name': 'Brand', 'description': 'Brands and Companies'}, 'entity': {'id': '10045225402', 'name': 'Twitter'}}]","{'annotations': [{'start': 36, 'end': 42, 'probability': 0.5038, 'type': 'Product', 'normalized_text': 'twitter'}], 'urls': [{'start': 105, 'end': 128, 'url': 'https://t.co/SEhYtYn3UP', 'expanded_url': 'https://twitter.com/Lucasifyy/status/1525950790455672834/photo/1', 'display_url': 'pic.twitter.com/SEhYtYn3UP', 'media_key': '16_1525950781609889797'}], 'mentions': [{'start': 16, 'end': 23, 'username': 'IOtjuj', 'id': '1358244634577670147'}, {'start': 24, 'end': 35, 'username': 'Roblox_RTC', 'id': '1056053249470541824'}]}",{'media_keys': ['16_1525950781609889797']},False,,everyone,Twitter Web App
1526154339257298944,1499297911074865152,@minerrve rai :((( lets play roblox sometime &lt;/3/3/3/w/q,2022-05-16 10:55:23+00:00,,0,3,1,0,en,1526154080900775936,"[{'domain': {'id': '71', 'name': 'Video Game', 'description': 'A video game like Overwatch'}, 'entity': {'id': '1088118927580774400', 'name': 'Roblox', 'description': 'Roblox'}}]","{'mentions': [{'start': 0, 'end': 9, 'username': 'minerrve', 'id': '1505463252129808387'}]}",,False,,everyone,Twitter Web App
1526154199133822976,1310144563311521792,"Me Just Losing Followers, Here is a Challenge
If You Think this Puppy is Cute, You Have to Follow Me!
#challenge https://t.co/dNDNQ0FDd4",2022-05-16 10:54:50+00:00,,0,1,1,0,en,1526154199133822976,"[{'domain': {'id': '30', 'name': 'Entities [Entity Service]', 'description': 'Entity Service top level domain, every item that is in Entity Service should be in this domain'}, 'entity': {'id': '852262932607926273', 'name': 'Pets', 'description': 'Pets'}}, {'domain': {'id': '30', 'name': 'Entities [Entity Service]', 'description': 'Entity Service top level domain, every item that is in Entity Service should be in this domain'}, 'entity': {'id': '853980498816679937', 'name': 'Dogs', 'description': 'Dogs'}}]","{'hashtags': [{'start': 102, 'end': 112, 'tag': 'challenge'}], 'urls': [{'start': 113, 'end': 136, 'url': 'https://t.co/dNDNQ0FDd4', 'expanded_url': 'https://twitter.com/Roblox_KooDev/status/1526154199133822976/photo/1', 'display_url': 'pic.twitter.com/dNDNQ0FDd4', 'media_key': '3_1526154104661282817'}]}",{'media_keys': ['3_1526154104661282817']},False,,everyone,Twitter Web App
1526043872660312064,1204221901049958401,Roblox is boring.,2022-05-16 03:36:26+00:00,,331,1007,4763,63,en,1526043872660312064,"[{'domain': {'id': '71', 'name': 'Video Game', 'description': 'A video game like Overwatch'}, 'entity': {'id': '1088118927580774400', 'name': 'Roblox', 'description': 'Roblox'}}]","{'annotations': [{'start': 0, 'end': 5, 'probability': 0.272, 'type': 'Organization', 'normalized_text': 'Roblox'}]}",,False,,everyone,Twitter for Android
1525868615026630658,1162494706066046977,What 1 item do you think @Roblox should make limited? https://t.co/Ixb2VInPJu,2022-05-15 16:00:01+00:00,,17,191,405,3,en,1525868615026630658,"[{'domain': {'id': '71', 'name': 'Video Game', 'description': 'A video game like Overwatch'}, 'entity': {'id': '1088118927580774400', 'name': 'Roblox', 'description': 'Roblox'}}]","{'urls': [{'start': 54, 'end': 77, 'url': 'https://t.co/Ixb2VInPJu', 'expanded_url': 'https://twitter.com/gamefamstudios/status/1525868615026630658/photo/1', 'display_url': 'pic.twitter.com/Ixb2VInPJu', 'media_key': '3_1525129892630872064'}], 'mentions': [{'start': 25, 'end': 32, 'username': 'Roblox', 'id': '16745055'}]}",{'media_keys': ['3_1525129892630872064']},False,,everyone,Twitter Web App
1526154465606152192,1115253834660569088,@wh0nady tipu,2022-05-16 10:55:53+00:00,,0,1,0,0,in,1526154301756026880,[],"{'mentions': [{'start': 0, 'end': 8, 'username': 'wh0nady', 'id': '1140985163863605248'}]}",,False,,everyone,Twitter for iPhone
1526135684607619072,1088868051058114562,"@peep_is_online If someone reverse engineers the full complex decomposed mesh, then for sure. Otherwise probably only simple hulls.",2022-05-16 09:41:16+00:00,,0,2,2,0,en,1526127292862595073,[],"{'mentions': [{'start': 0, 'end': 15, 'username': 'peep_is_online', 'id': '730221196936151040'}]}",,False,,everyone,Twitter Web App
1525634831904014337,448531007,"A professor who tells the youth to shut up is no professor at all. As a teacher, I’d be thankful if my students know a lot and take the initiative to share their knowledge. That brings you full-circle.

But not Clarita. She apparently gets insecure. https://t.co/qxgfOwC7Ra",2022-05-15 00:31:03+00:00,,5682,462,32036,2521,en,1525634831904014337,"[{'domain': {'id': '29', 'name': 'Events [Entity Service]', 'description': 'Entity Service related Events domain'}, 'entity': {'id': '1517623051860414465', 'name': 'World Environment Day'}}]","{'annotations': [{'start': 211, 'end': 217, 'probability': 0.536, 'type': 'Person', 'normalized_text': 'Clarita'}], 'urls': [{'start': 250, 'end': 273, 'url': 'https://t.co/qxgfOwC7Ra', 'expanded_url': 'https://twitter.com/MiaMagdalena/status/1525634831904014337/photo/1', 'display_url': 'pic.twitter.com/qxgfOwC7Ra', 'media_key': '3_1525634820675870720'}]}",{'media_keys': ['3_1525634820675870720']},False,,everyone,Twitter for iPhone
1524891827161255946,866369514493149184,https://t.co/Pdo3jQxm9P,2022-05-12 23:18:37+00:00,,428,135,4427,11,zxx,1524891827161255946,[],"{'urls': [{'start': 0, 'end': 23, 'url': 'https://t.co/Pdo3jQxm9P', 'expanded_url': 'https://twitter.com/ArtBlox_406/status/1524891827161255946/video/1', 'display_url': 'pic.twitter.com/Pdo3jQxm9P', 'media_key': '7_1524891809410961418'}]}",{'media_keys': ['7_1524891809410961418']},False,,everyone,Twitter for Android
1525991904407527425,1251677662810042371,When did you join Roblox?,2022-05-16 00:09:56+00:00,,58,1404,932,17,en,1525991904407527425,"[{'domain': {'id': '71', 'name': 'Video Game', 'description': 'A video game like Overwatch'}, 'entity': {'id': '1088118927580774400', 'name': 'Roblox', 'description': 'Roblox'}}]","{'annotations': [{'start': 18, 'end': 23, 'probability': 0.4555, 'type': 'Product', 'normalized_text': 'Roblox'}]}",,False,,everyone,Twitter for iPhone
1525647988336762880,1490581089832026112,SCP-3008 https://t.co/PNAyHWZBXJ,2022-05-15 01:23:20+00:00,,0,1,0,0,und,1525647988336762880,[],"{'urls': [{'start': 9, 'end': 32, 'url': 'https://t.co/PNAyHWZBXJ', 'expanded_url': 'https://twitter.com/MM00474494/status/1525647988336762880/photo/1', 'display_url': 'pic.twitter.com/PNAyHWZBXJ', 'media_key': '3_1525647976550780928'}]}",{'media_keys': ['3_1525647976550780928']},False,,everyone,Twitter for Android
1524743314221801472,1298688170394038272,"WHO wants 2000 free #robux ?🤍 💵 
• follow me + @kyanmamas w:🔔’s on
• like + retweet w/tags
• tag 1-5+ people

stay active ⭐️ https://t.co/19IHMDqTvD",2022-05-12 13:28:29+00:00,,207,165,189,108,en,1524743314221801472,"[{'domain': {'id': '71', 'name': 'Video Game', 'description': 'A video game like Overwatch'}, 'entity': {'id': '1088118927580774400', 'name': 'Roblox', 'description': 'Roblox'}}]","{'hashtags': [{'start': 20, 'end': 26, 'tag': 'robux'}], 'urls': [{'start': 125, 'end': 148, 'url': 'https://t.co/19IHMDqTvD', 'expanded_url': 'https://twitter.com/Secretlysimpin/status/1524743314221801472/photo/1', 'display_url': 'pic.twitter.com/19IHMDqTvD', 'media_key': '3_1524743307267432448'}], 'mentions': [{'start': 47, 'end': 57, 'username': 'kyanmamas', 'id': '891137271071723521'}]}",{'media_keys': ['3_1524743307267432448']},False,,everyone,Twitter for iPhone
1508657009133903873,1362446341733978112,"✧˖  ⊹✦ FREAKING 45 ROBUX GIVEAWAY! ✦⊹  ˖✧

🌱࿐ 🌱꒱ؘFollow me (@ItsKassieHere) + @koilillyyy 

🌿࿐ 🌿꒱ؘLike &amp; Rewtweet!

🌵࿐ 🌵꒱Tag 1-5+ friends!

🌴࿐ 🌴꒱Comment “Done if done!

🍃࿐ 🍃꒱Remember that ily! Extras in thread 👇🏼

Layout by me /@ItsKassieHere ! XX! https://t.co/hvpLC0ZkAL",2022-03-29 04:07:15+00:00,,30,30,32,10,en,1508657009133903873,[],"{'urls': [{'start': 253, 'end': 276, 'url': 'https://t.co/hvpLC0ZkAL', 'expanded_url': 'https://twitter.com/ItsKassieHere/status/1508657009133903873/photo/1', 'display_url': 'pic.twitter.com/hvpLC0ZkAL', 'media_key': '3_1508657002024947714'}], 'mentions': [{'start': 60, 'end': 74, 'username': 'ItsKassieHere', 'id': '1362446341733978112'}, {'start': 78, 'end': 89, 'username': 'koilillyyy', 'id': '1436092124148101166'}, {'start': 232, 'end': 246, 'username': 'ItsKassieHere', 'id': '1362446341733978112'}]}",{'media_keys': ['3_1508657002024947714']},False,,mentionedUsers,Twitter for iPad
1526154237758935041,1505463252129808387,@xinwannabe mf im right here robloxian here,2022-05-16 10:54:59+00:00,,0,1,1,0,en,1526154080900775936,[],,,False,,everyone,Twitter Web App
1526152855836446720,994134071293833216,"Phenomenal song, if you’re offended by it please unfollow me 😁👍 https://t.co/SallvFrhqP",2022-05-16 10:49:30+00:00,,0,1,9,0,en,1526152855836446720,[],"{'urls': [{'start': 64, 'end': 87, 'url': 'https://t.co/SallvFrhqP', 'expanded_url': 'https://twitter.com/DizMakesTweets/status/1526152855836446720/photo/1', 'display_url': 'pic.twitter.com/SallvFrhqP', 'media_key': '3_1526152849926696961'}]}",{'media_keys': ['3_1526152849926696961']},False,,everyone,Twitter for iPhone
1526094531736633345,1069006874811363328,@Roblox_RTC what if it’s super late april fools prank 😞😭,2022-05-16 06:57:44+00:00,,1,9,47,0,en,1526091144274317312,"[{'domain': {'id': '29', 'name': 'Events [Entity Service]', 'description': 'Entity Service related Events domain'}, 'entity': {'id': '1227232928104534022', 'name': ""April Fools' Day"", 'description': ""This entity for April Fools' Day for all years ""}}, {'domain': {'id': '119', 'name': 'Holiday', 'description': 'Holidays like Christmas or Halloween'}, 'entity': {'id': '1227232928104534022', 'name': ""April Fools' Day"", 'description': ""This entity for April Fools' Day for all years ""}}]","{'mentions': [{'start': 0, 'end': 11, 'username': 'Roblox_RTC', 'id': '1056053249470541824'}]}",,False,,everyone,Twitter for iPhone
1526133171368120323,1470379535355060231,"@Tubers_93 Someone hacked my bank account and took 99.9$ bro 😐 , roblox being a shit",2022-05-16 09:31:16+00:00,,0,10,5,0,en,1526043872660312064,"[{'domain': {'id': '46', 'name': 'Brand Category', 'description': 'Categories within Brand Verticals that narrow down the scope of Brands'}, 'entity': {'id': '781974596731871232', 'name': 'Banking'}}, {'domain': {'id': '71', 'name': 'Video Game', 'description': 'A video game like Overwatch'}, 'entity': {'id': '1088118927580774400', 'name': 'Roblox', 'description': 'Roblox'}}]","{'mentions': [{'start': 0, 'end': 10, 'username': 'Tubers_93', 'id': '1204221901049958401'}]}",,False,,everyone,Twitter for Android
1525931923419320321,58350892,"Tô aqui esperando a hora da minha sessão do cinema e duas adolescentes nervosas com os meninos chegando kkkk

Muito bom ser adolescente",2022-05-15 20:11:35+00:00,,2763,363,107412,1483,pt,1525931923419320321,[],,,False,,everyone,Twitter for iPhone
1526129641043677184,1444661696757317642,"@EanBernal @Roblox_RTC Because majority of the fanbase are kids, and kids play Roblox, yk?",2022-05-16 09:17:15+00:00,,0,1,1,0,en,1526091144274317312,"[{'domain': {'id': '71', 'name': 'Video Game', 'description': 'A video game like Overwatch'}, 'entity': {'id': '1088118927580774400', 'name': 'Roblox', 'description': 'Roblox'}}]","{'annotations': [{'start': 79, 'end': 84, 'probability': 0.3475, 'type': 'Product', 'normalized_text': 'Roblox'}], 'mentions': [{'start': 11, 'end': 22, 'username': 'Roblox_RTC', 'id': '1056053249470541824'}]}",,False,,everyone,Twitter for Android
1525232836906827777,1457851894450163712,@kokoyapigo @Roblox @DavidBaszucki Hey check your dm.,2022-05-13 21:53:40+00:00,,0,1,0,0,en,1524122544499875841,"[{'domain': {'id': '71', 'name': 'Video Game', 'description': 'A video game like Overwatch'}, 'entity': {'id': '1088118927580774400', 'name': 'Roblox', 'description': 'Roblox'}}]","{'mentions': [{'start': 0, 'end': 11, 'username': 'kokoyapigo', 'id': '1521783642913386497'}, {'start': 12, 'end': 19, 'username': 'Roblox', 'id': '16745055'}, {'start': 20, 'end': 34, 'username': 'DavidBaszucki', 'id': '43963122'}]}",,False,,everyone,Twitter for Android
1525494999818948609,1298688170394038272,"250 free #robux giveaway! ❤️ 
• follow me + @mxnsooun w/🔔’s on
• like + retweet w/tags
• like + retweet my 📌 
• tag 1-5+ people https://t.co/yDtMEp8a8B",2022-05-14 15:15:24+00:00,,52,40,56,28,en,1525494999818948609,"[{'domain': {'id': '71', 'name': 'Video Game', 'description': 'A video game like Overwatch'}, 'entity': {'id': '1088118927580774400', 'name': 'Roblox', 'description': 'Roblox'}}]","{'hashtags': [{'start': 9, 'end': 15, 'tag': 'robux'}], 'urls': [{'start': 128, 'end': 151, 'url': 'https://t.co/yDtMEp8a8B', 'expanded_url': 'https://twitter.com/Secretlysimpin/status/1525494999818948609/photo/1', 'display_url': 'pic.twitter.com/yDtMEp8a8B', 'media_key': '3_1525494995632930817'}], 'mentions': [{'start': 44, 'end': 53, 'username': 'mxnsooun', 'id': '1173580120671563777'}]}",{'media_keys': ['3_1525494995632930817']},False,,everyone,Twitter for iPhone
1526091144274317312,1056053249470541824,JUST IN: Preston is (most likely) finally updating Pet Simulator X! Preston tweeted “heard y'all want an update.” This could mean a revival of the game could happen!!,2022-05-16 06:44:16+00:00,,35,124,1005,13,en,1526091144274317312,[],"{'annotations': [{'start': 9, 'end': 15, 'probability': 0.5625, 'type': 'Person', 'normalized_text': 'Preston'}, {'start': 51, 'end': 63, 'probability': 0.5059, 'type': 'Other', 'normalized_text': 'Pet Simulator'}, {'start': 68, 'end': 74, 'probability': 0.8032, 'type': 'Person', 'normalized_text': 'Preston'}]}",,False,,everyone,Twitter for iPhone
1526152942918811650,1353534753773940736,"gonna add more info because lolol funny!!:
she has horns underneath her hat, and yes she has hidden wings too",2022-05-16 10:49:50+00:00,,0,1,2,0,en,1526148310934888449,[],,,False,,everyone,Twitter Web App
1522610763042537475,16745055,"Bringing immersive, unique 3D environments to millions of daily users presents a singular technical challenge. In yesterday's #i3d2022 keynote, our Chief Scientist @CasualEffects breaks down how we've approached our global user-driven metaverse.

https://t.co/2MtDxqTXgm",2022-05-06 16:14:29+00:00,,69,269,1339,7,en,1522610763042537475,"[{'domain': {'id': '30', 'name': 'Entities [Entity Service]', 'description': 'Entity Service top level domain, every item that is in Entity Service should be in this domain'}, 'entity': {'id': '848920371311001600', 'name': 'Technology', 'description': 'Technology and computing'}}, {'domain': {'id': '71', 'name': 'Video Game', 'description': 'A video game like Overwatch'}, 'entity': {'id': '1088118927580774400', 'name': 'Roblox', 'description': 'Roblox'}}, {'domain': {'id': '165', 'name': 'Technology', 'description': 'for individual and types of technology, e.g., food technology, 3D printing'}, 'entity': {'id': '848920371311001600', 'name': 'Technology', 'description': 'Technology and computing'}}]","{'hashtags': [{'start': 126, 'end': 134, 'tag': 'i3d2022'}], 'urls': [{'start': 247, 'end': 270, 'url': 'https://t.co/2MtDxqTXgm', 'expanded_url': 'https://youtu.be/P-wRgPe8sDs?t=1097', 'display_url': 'youtu.be/P-wRgPe8sDs?t=…', 'images': [{'url': 'https://pbs.twimg.com/news_img/1522610805811953667/uYRcwmAe?format=jpg&name=orig', 'width': 1280, 'height': 720}, {'url': 'https://pbs.twimg.com/news_img/1522610805811953667/uYRcwmAe?format=jpg&name=150x150', 'width': 150, 'height': 150}], 'status': 200, 'title': 'I3D 2022 Day 3 — Thursday, May 5', 'description': 'Register to the conference for free for the social events and more: http://bit.ly/i3d2022attendProgram for each day: https://i3dsymposium.org/2022/program.ht...', 'unwound_url': 'https://www.youtube.com/watch?t=1097&v=P-wRgPe8sDs&feature=youtu.be'}], 'mentions': [{'start': 164, 'end': 178, 'username': 'CasualEffects', 'id': '455470163'}]}",,False,,everyone,Twitter Web App
1526086668096356353,758906947659673600,heard yall want an update,2022-05-16 06:26:29+00:00,,671,5218,7929,124,en,1526086668096356353,[],,,False,,everyone,Twitter for iPhone
