tweetid,author_id,text,created_at,geo,retweets,replies,likes,quote_count,lang,conversation_id,context_annotations,entities,attachments,possibly_sensitive,withheld,reply_settings,source
1521742071337562113,1488452451837661188,@Roblox Ouhh okay thanks for the info,2022-05-04 06:42:37+00:00,,0,0,0,0,en,1521728064987688960,"[{'domain': {'id': '71', 'name': 'Video Game', 'description': 'A video game like Overwatch'}, 'entity': {'id': '1088118927580774400', 'name': 'Roblox', 'description': 'Roblox'}}]","{'mentions': [{'start': 0, 'end': 7, 'username': 'Roblox', 'id': '16745055'}]}",,False,,everyone,Twitter for Android
1521742069634527232,1496381570915057664,so roblox is down #RobloxDown  go outside💀 https://t.co/E7dAlnkpgG,2022-05-04 06:42:36+00:00,,0,1,0,0,en,1521742069634527232,"[{'domain': {'id': '71', 'name': 'Video Game', 'description': 'A video game like Overwatch'}, 'entity': {'id': '1088118927580774400', 'name': 'Roblox', 'description': 'Roblox'}}]","{'urls': [{'start': 43, 'end': 66, 'url': 'https://t.co/E7dAlnkpgG', 'expanded_url': 'https://twitter.com/Punpun3451/status/1521742069634527232/photo/1', 'display_url': 'pic.twitter.com/E7dAlnkpgG', 'media_key': '3_1521741932254310401'}], 'hashtags': [{'start': 18, 'end': 29, 'tag': 'RobloxDown'}]}",{'media_keys': ['3_1521741932254310401']},False,,everyone,Twitter Web App
1521742068024029185,1474048846892347392,@Roblox Can I fix it pleaee I’m trying to play some games thank you,2022-05-04 06:42:36+00:00,,0,0,0,0,en,1521728064987688960,"[{'domain': {'id': '71', 'name': 'Video Game', 'description': 'A video game like Overwatch'}, 'entity': {'id': '1088118927580774400', 'name': 'Roblox', 'description': 'Roblox'}}]","{'mentions': [{'start': 0, 'end': 7, 'username': 'Roblox', 'id': '16745055'}]}",,False,,everyone,Twitter for iPhone
1521742066136621059,1233280557234216960,Roblox is up again for some people #Roblox,2022-05-04 06:42:35+00:00,,0,1,0,0,en,1521742066136621059,"[{'domain': {'id': '71', 'name': 'Video Game', 'description': 'A video game like Overwatch'}, 'entity': {'id': '1088118927580774400', 'name': 'Roblox', 'description': 'Roblox'}}]","{'annotations': [{'start': 0, 'end': 5, 'probability': 0.29, 'type': 'Organization', 'normalized_text': 'Roblox'}], 'hashtags': [{'start': 35, 'end': 42, 'tag': 'Roblox'}]}",,False,,everyone,Twitter Web App
1521742065989677057,1520712331072008192,#roblox https://t.co/yrYrPktnPl,2022-05-04 06:42:35+00:00,,0,0,0,0,qht,1521742065989677057,"[{'domain': {'id': '71', 'name': 'Video Game', 'description': 'A video game like Overwatch'}, 'entity': {'id': '1088118927580774400', 'name': 'Roblox', 'description': 'Roblox'}}]","{'urls': [{'start': 8, 'end': 31, 'url': 'https://t.co/yrYrPktnPl', 'expanded_url': 'https://twitter.com/AtaviGiveaways/status/1521740311881420800', 'display_url': 'twitter.com/AtaviGiveaways…'}], 'hashtags': [{'start': 0, 'end': 7, 'tag': 'roblox'}]}",,False,,everyone,Twitter for iPhone
1521742064588783618,1337548310647775233,"CHANGED MY MIND, I CANNOT PLAY ROBLOX AT ALL.... https://t.co/Y7QDg3kuUs",2022-05-04 06:42:35+00:00,,0,0,2,0,en,1521742064588783618,"[{'domain': {'id': '71', 'name': 'Video Game', 'description': 'A video game like Overwatch'}, 'entity': {'id': '1088118927580774400', 'name': 'Roblox', 'description': 'Roblox'}}]","{'urls': [{'start': 49, 'end': 72, 'url': 'https://t.co/Y7QDg3kuUs', 'expanded_url': 'https://twitter.com/BxconHairRBLX/status/1521728482786840576', 'display_url': 'twitter.com/BxconHairRBLX/…'}]}",,False,,everyone,Twitter Web App
1521742058620289024,1450135041514737664,no wonder i cant log in roblox on my phone https://t.co/29U1DMbTnq,2022-05-04 06:42:34+00:00,,0,0,0,0,en,1521742058620289024,"[{'domain': {'id': '71', 'name': 'Video Game', 'description': 'A video game like Overwatch'}, 'entity': {'id': '1088118927580774400', 'name': 'Roblox', 'description': 'Roblox'}}]","{'urls': [{'start': 43, 'end': 66, 'url': 'https://t.co/29U1DMbTnq', 'expanded_url': 'https://twitter.com/LeafyLone/status/1521742058620289024/photo/1', 'display_url': 'pic.twitter.com/29U1DMbTnq', 'media_key': '3_1521742017868357632'}]}",{'media_keys': ['3_1521742017868357632']},False,,everyone,Twitter Web App
1521742053108903936,1325726614525628419,"@Roblox Its been almost hours without Roblox, I can't stop shaking and I'm having severe withdrawls. I woke up today trying to log onto Roblox but the game was down, I had a major panic attack but managed to calm down after a few minutes. I couldn't go to-",2022-05-04 06:42:32+00:00,,0,1,1,0,en,1521728064987688960,"[{'domain': {'id': '71', 'name': 'Video Game', 'description': 'A video game like Overwatch'}, 'entity': {'id': '1088118927580774400', 'name': 'Roblox', 'description': 'Roblox'}}]","{'annotations': [{'start': 38, 'end': 43, 'probability': 0.3627, 'type': 'Product', 'normalized_text': 'Roblox'}, {'start': 136, 'end': 141, 'probability': 0.5368, 'type': 'Product', 'normalized_text': 'Roblox'}], 'mentions': [{'start': 0, 'end': 7, 'username': 'Roblox', 'id': '16745055'}]}",,False,,everyone,Twitter for Android
1521742047266459655,3326018715,@Roblox BEEN OVER 12 HOURS WITHOUT ROBLOX. please don't be another 3 day shutdown..,2022-05-04 06:42:31+00:00,,0,0,0,0,en,1521728064987688960,"[{'domain': {'id': '71', 'name': 'Video Game', 'description': 'A video game like Overwatch'}, 'entity': {'id': '1088118927580774400', 'name': 'Roblox', 'description': 'Roblox'}}]","{'mentions': [{'start': 0, 'end': 7, 'username': 'Roblox', 'id': '16745055'}]}",,False,,everyone,Twitter for Android
1521742044951195648,1441092966118932488,Is Just Me Or Roblox Is Really Down Right Now? https://t.co/FNX0xkN5Xv,2022-05-04 06:42:30+00:00,,0,0,0,0,en,1521742044951195648,"[{'domain': {'id': '71', 'name': 'Video Game', 'description': 'A video game like Overwatch'}, 'entity': {'id': '1088118927580774400', 'name': 'Roblox', 'description': 'Roblox'}}]","{'urls': [{'start': 47, 'end': 70, 'url': 'https://t.co/FNX0xkN5Xv', 'expanded_url': 'https://twitter.com/AreeceJohn/status/1521742044951195648/photo/1', 'display_url': 'pic.twitter.com/FNX0xkN5Xv', 'media_key': '3_1521741767892217856'}]}",{'media_keys': ['3_1521741767892217856']},False,,everyone,Twitter Web App
1521742033987284994,1341088674050691072,@Roblox Whenn do you think that we would be able accesing roblox again ?,2022-05-04 06:42:28+00:00,,0,0,0,0,en,1521728064987688960,"[{'domain': {'id': '71', 'name': 'Video Game', 'description': 'A video game like Overwatch'}, 'entity': {'id': '1088118927580774400', 'name': 'Roblox', 'description': 'Roblox'}}]","{'mentions': [{'start': 0, 'end': 7, 'username': 'Roblox', 'id': '16745055'}]}",,False,,everyone,Twitter Web App
1521742031139262464,1215096660713508864,@Roblox WHATTTT OMGGGG I H8 YALL FR THIS THE CHIPOTLE BURRITO THING ALL PVER AGAIN ITS BEEN OVER 7 HOURS,2022-05-04 06:42:27+00:00,,0,0,0,0,en,1521728064987688960,"[{'domain': {'id': '45', 'name': 'Brand Vertical', 'description': 'Top level entities that describe a Brands industry'}, 'entity': {'id': '781974596161376261', 'name': 'Dining'}}, {'domain': {'id': '46', 'name': 'Brand Category', 'description': 'Categories within Brand Verticals that narrow down the scope of Brands'}, 'entity': {'id': '781974597017083904', 'name': 'QSR'}}, {'domain': {'id': '47', 'name': 'Brand', 'description': 'Brands and Companies'}, 'entity': {'id': '10027202349', 'name': 'Chipotle'}}, {'domain': {'id': '71', 'name': 'Video Game', 'description': 'A video game like Overwatch'}, 'entity': {'id': '1088118927580774400', 'name': 'Roblox', 'description': 'Roblox'}}]","{'mentions': [{'start': 0, 'end': 7, 'username': 'Roblox', 'id': '16745055'}]}",,False,,everyone,Twitter for iPhone
1521742030929805312,1497948923243397126,@Roblox actively working on it? more like sitting back and drinking bloxy coke,2022-05-04 06:42:27+00:00,,0,0,0,0,en,1521728064987688960,"[{'domain': {'id': '45', 'name': 'Brand Vertical', 'description': 'Top level entities that describe a Brands industry'}, 'entity': {'id': '781974596740190208', 'name': 'CPG'}}, {'domain': {'id': '46', 'name': 'Brand Category', 'description': 'Categories within Brand Verticals that narrow down the scope of Brands'}, 'entity': {'id': '781974596656304128', 'name': 'Beverage'}}, {'domain': {'id': '47', 'name': 'Brand', 'description': 'Brands and Companies'}, 'entity': {'id': '10026299835', 'name': 'Coca-Cola'}}, {'domain': {'id': '30', 'name': 'Entities [Entity Service]', 'description': 'Entity Service top level domain, every item that is in Entity Service should be in this domain'}, 'entity': {'id': '825047692124442624', 'name': 'Food', 'description': 'Food'}}, {'domain': {'id': '65', 'name': 'Interests and Hobbies Vertical', 'description': 'Top level interests and hobbies groupings, like Food or Travel'}, 'entity': {'id': '834828264786898945', 'name': 'Drinks', 'description': 'Drinks'}}, {'domain': {'id': '66', 'name': 'Interests and Hobbies Category', 'description': 'A grouping of interests and hobbies entities, like Novelty Food or Destinations'}, 'entity': {'id': '834828445238431744', 'name': 'Generic Drinks', 'description': 'Generic Drinks'}}, {'domain': {'id': '67', 'name': 'Interests and Hobbies', 'description': 'Interests, opinions, and behaviors of individuals, groups, or cultures; like Speciality Cooking or Theme Parks'}, 'entity': {'id': '850143755873140737', 'name': 'Soda', 'description': 'Soda'}}, {'domain': {'id': '67', 'name': 'Interests and Hobbies', 'description': 'Interests, opinions, and behaviors of individuals, groups, or cultures; like Speciality Cooking or Theme Parks'}, 'entity': {'id': '1006278636842782720', 'name': 'Drink Experience', 'description': 'Drink Experience'}}, {'domain': {'id': '71', 'name': 'Video Game', 'description': 'A video game like Overwatch'}, 'entity': {'id': '1088118927580774400', 'name': 'Roblox', 'description': 'Roblox'}}]","{'mentions': [{'start': 0, 'end': 7, 'username': 'Roblox', 'id': '16745055'}]}",,False,,everyone,Twitter Web App
1521742027309912064,1478260853069729801,@Roblox roblox you are aware that some of we are having issues accessing Roblox. your team is actively working on it. why why roblox i need to play games,2022-05-04 06:42:26+00:00,,0,0,0,0,en,1521728064987688960,"[{'domain': {'id': '71', 'name': 'Video Game', 'description': 'A video game like Overwatch'}, 'entity': {'id': '1088118927580774400', 'name': 'Roblox', 'description': 'Roblox'}}]","{'annotations': [{'start': 73, 'end': 78, 'probability': 0.4149, 'type': 'Product', 'normalized_text': 'Roblox'}], 'mentions': [{'start': 0, 'end': 7, 'username': 'Roblox', 'id': '16745055'}]}",,False,,everyone,Twitter Web App
1521742027054108672,1439306410127503364,@Roblox https://t.co/lcNdSklorb,2022-05-04 06:42:26+00:00,,0,0,1,0,qme,1521742027054108672,"[{'domain': {'id': '71', 'name': 'Video Game', 'description': 'A video game like Overwatch'}, 'entity': {'id': '1088118927580774400', 'name': 'Roblox', 'description': 'Roblox'}}]","{'urls': [{'start': 8, 'end': 31, 'url': 'https://t.co/lcNdSklorb', 'expanded_url': 'https://twitter.com/falserepo/status/1521742027054108672/photo/1', 'display_url': 'pic.twitter.com/lcNdSklorb', 'media_key': '3_1521741999749087232'}], 'mentions': [{'start': 0, 'end': 7, 'username': 'Roblox', 'id': '16745055'}]}",{'media_keys': ['3_1521741999749087232']},False,,everyone,Twitter Web App
1521742022390194177,1449946455716732930,"@TheBulvi @Roblox me too
if we search we can play",2022-05-04 06:42:25+00:00,,0,0,0,0,en,1521644481694498816,"[{'domain': {'id': '71', 'name': 'Video Game', 'description': 'A video game like Overwatch'}, 'entity': {'id': '1088118927580774400', 'name': 'Roblox', 'description': 'Roblox'}}]","{'mentions': [{'start': 0, 'end': 9, 'username': 'TheBulvi', 'id': '1304459372328660993'}, {'start': 10, 'end': 17, 'username': 'Roblox', 'id': '16745055'}]}",,False,,everyone,Twitter for Android
1521742021249347584,1449446350790148096,@Roblox We need pet,2022-05-04 06:42:25+00:00,,0,0,0,0,en,1521728064987688960,"[{'domain': {'id': '71', 'name': 'Video Game', 'description': 'A video game like Overwatch'}, 'entity': {'id': '1088118927580774400', 'name': 'Roblox', 'description': 'Roblox'}}]","{'mentions': [{'start': 0, 'end': 7, 'username': 'Roblox', 'id': '16745055'}]}",,False,,everyone,Twitter for Android
1521742016753057792,1455001521389596674,@Roblox pls im really boring,2022-05-04 06:42:24+00:00,,0,0,0,0,en,1521728064987688960,"[{'domain': {'id': '71', 'name': 'Video Game', 'description': 'A video game like Overwatch'}, 'entity': {'id': '1088118927580774400', 'name': 'Roblox', 'description': 'Roblox'}}]","{'mentions': [{'start': 0, 'end': 7, 'username': 'Roblox', 'id': '16745055'}]}",,False,,everyone,Twitter Web App
1521742013028499457,1445252702540238853,@Roblox Bruh https://t.co/EbPmod7YLK,2022-05-04 06:42:23+00:00,,0,0,0,0,en,1521728064987688960,"[{'domain': {'id': '71', 'name': 'Video Game', 'description': 'A video game like Overwatch'}, 'entity': {'id': '1088118927580774400', 'name': 'Roblox', 'description': 'Roblox'}}]","{'urls': [{'start': 13, 'end': 36, 'url': 'https://t.co/EbPmod7YLK', 'expanded_url': 'https://twitter.com/OneMorePlay1/status/1521742013028499457/photo/1', 'display_url': 'pic.twitter.com/EbPmod7YLK', 'media_key': '3_1521742011296284673'}], 'mentions': [{'start': 0, 'end': 7, 'username': 'Roblox', 'id': '16745055'}]}",{'media_keys': ['3_1521742011296284673']},False,,everyone,Twitter for Android
1521742011820302338,1484600469473398784,@Roblox Bruh.,2022-05-04 06:42:22+00:00,,0,0,0,0,en,1521728064987688960,"[{'domain': {'id': '71', 'name': 'Video Game', 'description': 'A video game like Overwatch'}, 'entity': {'id': '1088118927580774400', 'name': 'Roblox', 'description': 'Roblox'}}]","{'mentions': [{'start': 0, 'end': 7, 'username': 'Roblox', 'id': '16745055'}]}",,False,,everyone,Twitter Web App
1521742010964602881,1493369217281773570,WHY CANT I PLAY ROBLOX,2022-05-04 06:42:22+00:00,,0,1,1,0,en,1521742010964602881,"[{'domain': {'id': '71', 'name': 'Video Game', 'description': 'A video game like Overwatch'}, 'entity': {'id': '1088118927580774400', 'name': 'Roblox', 'description': 'Roblox'}}]",,,False,,everyone,Twitter Web App
1521742009358299136,1501910761911824387,@status_rbx USER STATUS AND SERVERS ARENT LOADING.. ROBLOX FIX THIS!,2022-05-04 06:42:22+00:00,,0,0,0,0,en,1521632455660244992,"[{'domain': {'id': '71', 'name': 'Video Game', 'description': 'A video game like Overwatch'}, 'entity': {'id': '1088118927580774400', 'name': 'Roblox', 'description': 'Roblox'}}]","{'mentions': [{'start': 0, 'end': 11, 'username': 'status_rbx', 'id': '1228700021425655808'}]}",,False,,everyone,Twitter Web App
1521742007181357056,1480534289565376517,roblox pls come back i want to astd so baddd😔,2022-05-04 06:42:21+00:00,,0,0,0,0,en,1521742007181357056,"[{'domain': {'id': '71', 'name': 'Video Game', 'description': 'A video game like Overwatch'}, 'entity': {'id': '1088118927580774400', 'name': 'Roblox', 'description': 'Roblox'}}]",,,False,,everyone,Twitter Web App
1521742005495336961,1500156097482665985,@Roblox https://t.co/vPcfQA4KBQ,2022-05-04 06:42:21+00:00,,0,0,0,0,qme,1521728064987688960,"[{'domain': {'id': '71', 'name': 'Video Game', 'description': 'A video game like Overwatch'}, 'entity': {'id': '1088118927580774400', 'name': 'Roblox', 'description': 'Roblox'}}]","{'urls': [{'start': 8, 'end': 31, 'url': 'https://t.co/vPcfQA4KBQ', 'expanded_url': 'https://twitter.com/_Grimer/status/1521742005495336961/photo/1', 'display_url': 'pic.twitter.com/vPcfQA4KBQ', 'media_key': '16_1521741997404475393'}], 'mentions': [{'start': 0, 'end': 7, 'username': 'Roblox', 'id': '16745055'}]}",{'media_keys': ['16_1521741997404475393']},False,,everyone,Twitter Web App
1521742003159007232,1497417061747683332,@Roblox please fix roblox ty BECAUSE I SPENT MONEY ON YOUR GAME WE WILL ALL WAIT 😊,2022-05-04 06:42:20+00:00,,0,0,0,0,en,1521728064987688960,"[{'domain': {'id': '71', 'name': 'Video Game', 'description': 'A video game like Overwatch'}, 'entity': {'id': '1088118927580774400', 'name': 'Roblox', 'description': 'Roblox'}}]","{'mentions': [{'start': 0, 'end': 7, 'username': 'Roblox', 'id': '16745055'}]}",,False,,everyone,Twitter for Android
1521741999829041152,1517114090107568128,@Roblox How long do you reckon it will be down for,2022-05-04 06:42:20+00:00,,0,0,1,0,en,1521728064987688960,"[{'domain': {'id': '71', 'name': 'Video Game', 'description': 'A video game like Overwatch'}, 'entity': {'id': '1088118927580774400', 'name': 'Roblox', 'description': 'Roblox'}}]","{'mentions': [{'start': 0, 'end': 7, 'username': 'Roblox', 'id': '16745055'}]}",,False,,everyone,Twitter for iPad
1521741993516597248,1481789319451127809,@Roblox Dang i almost cried pls work on it Roblox.,2022-05-04 06:42:18+00:00,,0,0,0,0,en,1521728064987688960,"[{'domain': {'id': '71', 'name': 'Video Game', 'description': 'A video game like Overwatch'}, 'entity': {'id': '1088118927580774400', 'name': 'Roblox', 'description': 'Roblox'}}]","{'annotations': [{'start': 43, 'end': 48, 'probability': 0.4297, 'type': 'Product', 'normalized_text': 'Roblox'}], 'mentions': [{'start': 0, 'end': 7, 'username': 'Roblox', 'id': '16745055'}]}",,False,,everyone,Twitter Web App
1521741992383811584,1459109508236517381,@Roblox I have Depression,2022-05-04 06:42:18+00:00,,0,0,0,0,en,1521728064987688960,"[{'domain': {'id': '71', 'name': 'Video Game', 'description': 'A video game like Overwatch'}, 'entity': {'id': '1088118927580774400', 'name': 'Roblox', 'description': 'Roblox'}}]","{'mentions': [{'start': 0, 'end': 7, 'username': 'Roblox', 'id': '16745055'}]}",,False,,everyone,Twitter for iPhone
1521741990441799681,1332554829621673984,@lex_simp @scrowder opened twitter cause roblox was down https://t.co/VlqFpfedHI,2022-05-04 06:42:17+00:00,,0,1,2,0,en,1521482950604476419,"[{'domain': {'id': '10', 'name': 'Person', 'description': 'Named people in the world like Nelson Mandela'}, 'entity': {'id': '1070726527308853249', 'name': 'Steven Crowder', 'description': 'American actor and comedian'}}, {'domain': {'id': '56', 'name': 'Actor', 'description': 'An actor or actress in the world, like Kate Winslet or Leonardo DiCaprio'}, 'entity': {'id': '1070726527308853249', 'name': 'Steven Crowder', 'description': 'American actor and comedian'}}, {'domain': {'id': '71', 'name': 'Video Game', 'description': 'A video game like Overwatch'}, 'entity': {'id': '1088118927580774400', 'name': 'Roblox', 'description': 'Roblox'}}, {'domain': {'id': '46', 'name': 'Brand Category', 'description': 'Categories within Brand Verticals that narrow down the scope of Brands'}, 'entity': {'id': '781974596752842752', 'name': 'Services'}}, {'domain': {'id': '47', 'name': 'Brand', 'description': 'Brands and Companies'}, 'entity': {'id': '10045225402', 'name': 'Twitter'}}]","{'annotations': [{'start': 27, 'end': 33, 'probability': 0.6732, 'type': 'Product', 'normalized_text': 'twitter'}], 'urls': [{'start': 57, 'end': 80, 'url': 'https://t.co/VlqFpfedHI', 'expanded_url': 'https://twitter.com/RottenRootBeer/status/1521741990441799681/photo/1', 'display_url': 'pic.twitter.com/VlqFpfedHI', 'media_key': '3_1521741986964729856'}], 'mentions': [{'start': 0, 'end': 9, 'username': 'lex_simp', 'id': '1088644673000914945'}, {'start': 10, 'end': 19, 'username': 'scrowder', 'id': '19091173'}]}",{'media_keys': ['3_1521741986964729856']},False,,everyone,Twitter for iPhone
1521741982946668544,1513062266693832704,@Roblox Let's gooooooooo,2022-05-04 06:42:15+00:00,,0,0,0,0,en,1521728064987688960,"[{'domain': {'id': '71', 'name': 'Video Game', 'description': 'A video game like Overwatch'}, 'entity': {'id': '1088118927580774400', 'name': 'Roblox', 'description': 'Roblox'}}]","{'mentions': [{'start': 0, 'end': 7, 'username': 'Roblox', 'id': '16745055'}]}",,False,,everyone,Twitter for Android
1521741976437198850,1454552092572590086,@Roblox Ok,2022-05-04 06:42:14+00:00,,0,0,0,0,und,1521728064987688960,"[{'domain': {'id': '71', 'name': 'Video Game', 'description': 'A video game like Overwatch'}, 'entity': {'id': '1088118927580774400', 'name': 'Roblox', 'description': 'Roblox'}}]","{'mentions': [{'start': 0, 'end': 7, 'username': 'Roblox', 'id': '16745055'}]}",,False,,everyone,Twitter for Android
1521741969591988224,1489622306691645440,@Roblox I think something happened to my account,2022-05-04 06:42:12+00:00,,0,0,0,0,en,1521728064987688960,"[{'domain': {'id': '71', 'name': 'Video Game', 'description': 'A video game like Overwatch'}, 'entity': {'id': '1088118927580774400', 'name': 'Roblox', 'description': 'Roblox'}}]","{'mentions': [{'start': 0, 'end': 7, 'username': 'Roblox', 'id': '16745055'}]}",,False,,everyone,Twitter for Android
1521741964961583104,1467775903149219840,@KURTTYLERCHARR3 @Asensii20 @Roblox you are 7 stfu pls,2022-05-04 06:42:11+00:00,,0,0,0,0,en,1521728064987688960,"[{'domain': {'id': '71', 'name': 'Video Game', 'description': 'A video game like Overwatch'}, 'entity': {'id': '1088118927580774400', 'name': 'Roblox', 'description': 'Roblox'}}]","{'mentions': [{'start': 0, 'end': 16, 'username': 'KURTTYLERCHARR3', 'id': '1521731316357599232'}, {'start': 17, 'end': 27, 'username': 'Asensii20', 'id': '770001997550551041'}, {'start': 28, 'end': 35, 'username': 'Roblox', 'id': '16745055'}]}",,False,,everyone,Twitter Web App
1521741962847604736,1420278772427808768,"@Batmaning9 @xNekorii @PinkDemiiii no, roblox is down look at https://t.co/AYbBl8zjWd.",2022-05-04 06:42:11+00:00,,0,0,1,0,en,1521658730433159169,"[{'domain': {'id': '71', 'name': 'Video Game', 'description': 'A video game like Overwatch'}, 'entity': {'id': '1088118927580774400', 'name': 'Roblox', 'description': 'Roblox'}}]","{'urls': [{'start': 62, 'end': 85, 'url': 'https://t.co/AYbBl8zjWd', 'expanded_url': 'https://status.roblox.com', 'display_url': 'status.roblox.com', 'status': 200, 'title': 'Roblox Status', 'description': 'Current system status. View active incidents or upcoming maintenances. Subscribe to receive status notifications.', 'unwound_url': 'https://status.roblox.com'}], 'mentions': [{'start': 0, 'end': 11, 'username': 'Batmaning9', 'id': '1284928214956232707'}, {'start': 12, 'end': 21, 'username': 'xNekorii', 'id': '1074333198589534215'}, {'start': 22, 'end': 34, 'username': 'PinkDemiiii', 'id': '1344155311591088129'}]}",,False,,everyone,Twitter Web App
1521741960578764800,1521728810332606464,@Roblox Fix it Roblox Pls,2022-05-04 06:42:10+00:00,,0,0,0,0,en,1521728064987688960,"[{'domain': {'id': '71', 'name': 'Video Game', 'description': 'A video game like Overwatch'}, 'entity': {'id': '1088118927580774400', 'name': 'Roblox', 'description': 'Roblox'}}]","{'mentions': [{'start': 0, 'end': 7, 'username': 'Roblox', 'id': '16745055'}]}",,False,,everyone,Twitter for Android
1521741959827640320,1453923725456248842,@Roblox It took them THIS LONG to respond to this. Its been down for HOURS on end. And even managed to post about fucking pants when the server was down.,2022-05-04 06:42:10+00:00,,0,0,0,0,en,1521728064987688960,"[{'domain': {'id': '71', 'name': 'Video Game', 'description': 'A video game like Overwatch'}, 'entity': {'id': '1088118927580774400', 'name': 'Roblox', 'description': 'Roblox'}}]","{'mentions': [{'start': 0, 'end': 7, 'username': 'Roblox', 'id': '16745055'}]}",,False,,everyone,Twitter Web App
1521741954551361542,1378007798257188866,Roblox is saying I have no friends 🗿 #roblox https://t.co/Gvt4GNSnvQ,2022-05-04 06:42:09+00:00,,0,0,1,0,en,1521741954551361542,"[{'domain': {'id': '71', 'name': 'Video Game', 'description': 'A video game like Overwatch'}, 'entity': {'id': '1088118927580774400', 'name': 'Roblox', 'description': 'Roblox'}}]","{'annotations': [{'start': 0, 'end': 5, 'probability': 0.2659, 'type': 'Organization', 'normalized_text': 'Roblox'}], 'urls': [{'start': 45, 'end': 68, 'url': 'https://t.co/Gvt4GNSnvQ', 'expanded_url': 'https://twitter.com/carneline_/status/1521741954551361542/photo/1', 'display_url': 'pic.twitter.com/Gvt4GNSnvQ', 'media_key': '3_1521741952554778624'}], 'hashtags': [{'start': 37, 'end': 44, 'tag': 'roblox'}]}",{'media_keys': ['3_1521741952554778624']},False,,everyone,Twitter for Android
1521741953632813057,1508676043212738567,https://t.co/whNtpFlT3x https://t.co/EgzPVtMuH4,2022-05-04 06:42:09+00:00,,0,1,1,0,zxx,1521741953632813057,"[{'domain': {'id': '71', 'name': 'Video Game', 'description': 'A video game like Overwatch'}, 'entity': {'id': '1088118927580774400', 'name': 'Roblox', 'description': 'Roblox'}}]","{'urls': [{'start': 0, 'end': 23, 'url': 'https://t.co/whNtpFlT3x', 'expanded_url': 'https://twitter.com/XxxWLABC/status/1521741953632813057/photo/1', 'display_url': 'pic.twitter.com/whNtpFlT3x', 'media_key': '3_1521741951858618368'}, {'start': 24, 'end': 47, 'url': 'https://t.co/EgzPVtMuH4', 'expanded_url': 'https://twitter.com/Roblox/status/1521728064987688960', 'display_url': 'twitter.com/Roblox/status/…'}]}",{'media_keys': ['3_1521741951858618368']},False,,everyone,Twitter for Android
1521741949266710529,1517387351844040705,ROBLOX IS BACK UP???,2022-05-04 06:42:07+00:00,,0,0,1,0,en,1521741949266710529,"[{'domain': {'id': '71', 'name': 'Video Game', 'description': 'A video game like Overwatch'}, 'entity': {'id': '1088118927580774400', 'name': 'Roblox', 'description': 'Roblox'}}]",,,False,,everyone,Twitter Web App
1521741945151758337,828495957964656642,@Roblox_RTC @DaRealMiniToon https://t.co/fbCLTtIrWY,2022-05-04 06:42:06+00:00,,0,2,106,0,qme,1521731292286619649,[],"{'urls': [{'start': 28, 'end': 51, 'url': 'https://t.co/fbCLTtIrWY', 'expanded_url': 'https://twitter.com/greenlegocats/status/1521741945151758337/photo/1', 'display_url': 'pic.twitter.com/fbCLTtIrWY', 'media_key': '3_1521741943201419264'}], 'mentions': [{'start': 0, 'end': 11, 'username': 'Roblox_RTC', 'id': '1056053249470541824'}, {'start': 12, 'end': 27, 'username': 'DaRealMiniToon', 'id': '1236757689411063808'}]}",{'media_keys': ['3_1521741943201419264']},False,,everyone,Twitter for Android
1521741940386975744,1513028553679392768,@Asensii20 @Roblox true,2022-05-04 06:42:05+00:00,,0,0,0,0,en,1521728064987688960,"[{'domain': {'id': '71', 'name': 'Video Game', 'description': 'A video game like Overwatch'}, 'entity': {'id': '1088118927580774400', 'name': 'Roblox', 'description': 'Roblox'}}]","{'mentions': [{'start': 0, 'end': 10, 'username': 'Asensii20', 'id': '770001997550551041'}, {'start': 11, 'end': 18, 'username': 'Roblox', 'id': '16745055'}]}",,False,,everyone,Twitter Web App
1521741937791111168,1117653463876247552,@8OW1R4 god it was a very old video but Is from kicking people out of Roblox dance clubs on 6:59,2022-05-04 06:42:05+00:00,,0,0,1,0,en,1521716247083200512,"[{'domain': {'id': '71', 'name': 'Video Game', 'description': 'A video game like Overwatch'}, 'entity': {'id': '1088118927580774400', 'name': 'Roblox', 'description': 'Roblox'}}]","{'annotations': [{'start': 70, 'end': 75, 'probability': 0.2739, 'type': 'Organization', 'normalized_text': 'Roblox'}], 'mentions': [{'start': 0, 'end': 7, 'username': '8OW1R4', 'id': '1282273364283805698'}]}",,False,,everyone,Twitter for Android
1521741927238234112,1472843957931417604,@Roblox :(,2022-05-04 06:42:02+00:00,,0,0,0,0,qam,1521728064987688960,"[{'domain': {'id': '71', 'name': 'Video Game', 'description': 'A video game like Overwatch'}, 'entity': {'id': '1088118927580774400', 'name': 'Roblox', 'description': 'Roblox'}}]","{'mentions': [{'start': 0, 'end': 7, 'username': 'Roblox', 'id': '16745055'}]}",,False,,everyone,Twitter Web App
1521741922682884096,1483711943781208072,"Roblox is gone again,all roblox player are don’t know where fix time",2022-05-04 06:42:01+00:00,,0,0,0,0,en,1521739625500315648,"[{'domain': {'id': '71', 'name': 'Video Game', 'description': 'A video game like Overwatch'}, 'entity': {'id': '1088118927580774400', 'name': 'Roblox', 'description': 'Roblox'}}]","{'annotations': [{'start': 0, 'end': 5, 'probability': 0.2746, 'type': 'Organization', 'normalized_text': 'Roblox'}]}",,False,,everyone,Twitter for iPhone
1521741917264171009,1520375195143663616,Roblox pls come back,2022-05-04 06:42:00+00:00,,0,0,0,0,en,1521741917264171009,"[{'domain': {'id': '71', 'name': 'Video Game', 'description': 'A video game like Overwatch'}, 'entity': {'id': '1088118927580774400', 'name': 'Roblox', 'description': 'Roblox'}}]",,,False,,everyone,Twitter Web App
1521741911627038720,1425287556577460226,@OceanzyYoutube The Great Shutdown of 2021 returns :- logitech has been charged a few hours ago for making trash products and bringing back mayhem to the roblox metaverse,2022-05-04 06:41:58+00:00,,0,0,0,0,en,1521730593423335426,"[{'domain': {'id': '30', 'name': 'Entities [Entity Service]', 'description': 'Entity Service top level domain, every item that is in Entity Service should be in this domain'}, 'entity': {'id': '848920371311001600', 'name': 'Technology', 'description': 'Technology and computing'}}, {'domain': {'id': '71', 'name': 'Video Game', 'description': 'A video game like Overwatch'}, 'entity': {'id': '1088118927580774400', 'name': 'Roblox', 'description': 'Roblox'}}, {'domain': {'id': '165', 'name': 'Technology', 'description': 'for individual and types of technology, e.g., food technology, 3D printing'}, 'entity': {'id': '848920371311001600', 'name': 'Technology', 'description': 'Technology and computing'}}]","{'mentions': [{'start': 0, 'end': 15, 'username': 'OceanzyYoutube', 'id': '1110544160736583680'}]}",,False,,everyone,Twitter Web App
1521741910955728897,1518951259084054528,"@Gl_acial @Roblox same bro, same...",2022-05-04 06:41:58+00:00,,0,0,0,0,en,1521728064987688960,"[{'domain': {'id': '71', 'name': 'Video Game', 'description': 'A video game like Overwatch'}, 'entity': {'id': '1088118927580774400', 'name': 'Roblox', 'description': 'Roblox'}}]","{'mentions': [{'start': 0, 'end': 9, 'username': 'Gl_acial', 'id': '1235005904325611521'}, {'start': 10, 'end': 17, 'username': 'Roblox', 'id': '16745055'}]}",,False,,everyone,Twitter Web App
1521741908363837441,1518831624816836610,@Roblox rainbow sex,2022-05-04 06:41:58+00:00,,0,0,0,0,en,1521728064987688960,"[{'domain': {'id': '71', 'name': 'Video Game', 'description': 'A video game like Overwatch'}, 'entity': {'id': '1088118927580774400', 'name': 'Roblox', 'description': 'Roblox'}}]","{'mentions': [{'start': 0, 'end': 7, 'username': 'Roblox', 'id': '16745055'}]}",,False,,everyone,Twitter Web App
1521741907453689856,1440858400456208386,Yall roblox is down again 🫣,2022-05-04 06:41:57+00:00,,0,0,0,0,en,1521741907453689856,"[{'domain': {'id': '71', 'name': 'Video Game', 'description': 'A video game like Overwatch'}, 'entity': {'id': '1088118927580774400', 'name': 'Roblox', 'description': 'Roblox'}}]",,,False,,everyone,Twitter Web App
1521741900314730499,1473865438778036224,"Bora Roblox reage é coloca um cropped, por favor 🙏 https://t.co/s9sOK1BbGg",2022-05-04 06:41:56+00:00,,0,1,2,0,pt,1521741900314730499,"[{'domain': {'id': '71', 'name': 'Video Game', 'description': 'A video game like Overwatch'}, 'entity': {'id': '1088118927580774400', 'name': 'Roblox', 'description': 'Roblox'}}]","{'urls': [{'start': 51, 'end': 74, 'url': 'https://t.co/s9sOK1BbGg', 'expanded_url': 'https://twitter.com/binnie_lai/status/1521741900314730499/photo/1', 'display_url': 'pic.twitter.com/s9sOK1BbGg', 'media_key': '3_1521741896145678336'}]}",{'media_keys': ['3_1521741896145678336']},False,,everyone,Twitter for iPhone
1521741897441505280,1472262926165626883,@Roblox ROBLOX IK I DON'T PLAY YOUR GAME MUCH BUT CMON I HAVE SOME IMPORTANT BUSINESS TO DO FIX IT AND FAST&lt;3 https://t.co/2XaeHM6zfY,2022-05-04 06:41:55+00:00,,0,0,1,0,en,1521728064987688960,"[{'domain': {'id': '71', 'name': 'Video Game', 'description': 'A video game like Overwatch'}, 'entity': {'id': '1088118927580774400', 'name': 'Roblox', 'description': 'Roblox'}}]","{'urls': [{'start': 113, 'end': 136, 'url': 'https://t.co/2XaeHM6zfY', 'expanded_url': 'https://twitter.com/lightchuuu/status/1521741897441505280/photo/1', 'display_url': 'pic.twitter.com/2XaeHM6zfY', 'media_key': '3_1521741895218581506'}], 'mentions': [{'start': 0, 'end': 7, 'username': 'Roblox', 'id': '16745055'}]}",{'media_keys': ['3_1521741895218581506']},False,,everyone,Twitter for Android
1521741894698475521,1212601170750914561,"I finished Killer7 (My 2nd favorite game now), and Roblox is still down... Frick... https://t.co/B3MuTKhgn8",2022-05-04 06:41:54+00:00,,0,0,1,0,en,1521741894698475521,"[{'domain': {'id': '71', 'name': 'Video Game', 'description': 'A video game like Overwatch'}, 'entity': {'id': '1088118927580774400', 'name': 'Roblox', 'description': 'Roblox'}}]","{'annotations': [{'start': 11, 'end': 17, 'probability': 0.4857, 'type': 'Other', 'normalized_text': 'Killer7'}, {'start': 51, 'end': 56, 'probability': 0.3797, 'type': 'Product', 'normalized_text': 'Roblox'}], 'urls': [{'start': 84, 'end': 107, 'url': 'https://t.co/B3MuTKhgn8', 'expanded_url': 'https://twitter.com/cczmRBLX/status/1521741894698475521/photo/1', 'display_url': 'pic.twitter.com/B3MuTKhgn8', 'media_key': '3_1521741836112465920'}, {'start': 84, 'end': 107, 'url': 'https://t.co/B3MuTKhgn8', 'expanded_url': 'https://twitter.com/cczmRBLX/status/1521741894698475521/photo/1', 'display_url': 'pic.twitter.com/B3MuTKhgn8', 'media_key': '3_1521741848565354496'}, {'start': 84, 'end': 107, 'url': 'https://t.co/B3MuTKhgn8', 'expanded_url': 'https://twitter.com/cczmRBLX/status/1521741894698475521/photo/1', 'display_url': 'pic.twitter.com/B3MuTKhgn8', 'media_key': '3_1521741861206978560'}, {'start': 84, 'end': 107, 'url': 'https://t.co/B3MuTKhgn8', 'expanded_url': 'https://twitter.com/cczmRBLX/status/1521741894698475521/photo/1', 'display_url': 'pic.twitter.com/B3MuTKhgn8', 'media_key': '3_1521741878181257216'}]}","{'media_keys': ['3_1521741836112465920', '3_1521741848565354496', '3_1521741861206978560', '3_1521741878181257216']}",False,,everyone,Twitter Web App
1521741894249758720,1448967656829190145,@Roblox I need my bobuk,2022-05-04 06:41:54+00:00,,0,0,1,0,en,1521728064987688960,"[{'domain': {'id': '71', 'name': 'Video Game', 'description': 'A video game like Overwatch'}, 'entity': {'id': '1088118927580774400', 'name': 'Roblox', 'description': 'Roblox'}}]","{'mentions': [{'start': 0, 'end': 7, 'username': 'Roblox', 'id': '16745055'}]}",,False,,everyone,Twitter Web App
1521741893763321856,1361777207698407433,"@DJMonopoli Can't play roblox? East solution for you. Get a time machine, go back in time, go afk in any roblox game, wake up to roblox being down but you still in game. Works all the time https://t.co/f8P49hTFuF",2022-05-04 06:41:54+00:00,,0,1,2,0,en,1521739115309453312,"[{'domain': {'id': '71', 'name': 'Video Game', 'description': 'A video game like Overwatch'}, 'entity': {'id': '1088118927580774400', 'name': 'Roblox', 'description': 'Roblox'}}]","{'urls': [{'start': 189, 'end': 212, 'url': 'https://t.co/f8P49hTFuF', 'expanded_url': 'https://twitter.com/Alex_ewrrderr/status/1521741893763321856/photo/1', 'display_url': 'pic.twitter.com/f8P49hTFuF', 'media_key': '3_1521741882224787457'}], 'mentions': [{'start': 0, 'end': 11, 'username': 'DJMonopoli', 'id': '28522827'}]}",{'media_keys': ['3_1521741882224787457']},False,,everyone,Twitter for Android
1521741892790423552,1512361566582485004,@Roblox i really love roblox i was about to buy robux then when i open my roblox page it was down :(,2022-05-04 06:41:54+00:00,,0,0,0,0,en,1521728064987688960,"[{'domain': {'id': '71', 'name': 'Video Game', 'description': 'A video game like Overwatch'}, 'entity': {'id': '1088118927580774400', 'name': 'Roblox', 'description': 'Roblox'}}]","{'annotations': [{'start': 74, 'end': 79, 'probability': 0.471, 'type': 'Product', 'normalized_text': 'roblox'}], 'mentions': [{'start': 0, 'end': 7, 'username': 'Roblox', 'id': '16745055'}]}",,False,,everyone,Twitter Web App
1521741890768367617,1140480977107443712,midnight. wizard 101 is down. roblox is down. club penguin remake is shut down permanently for copy write. boredom. agony.,2022-05-04 06:41:54+00:00,{'place_id': 'b35cdcfb12c39448'},0,0,9,0,en,1521741890768367617,"[{'domain': {'id': '71', 'name': 'Video Game', 'description': 'A video game like Overwatch'}, 'entity': {'id': '1088118927580774400', 'name': 'Roblox', 'description': 'Roblox'}}]",,,False,,everyone,Twitter for iPhone
1521741890248675328,1316426000670941184,@Spotify @Roblox BROOOO I WANTEDT O PLAY THIS SO HFCUGBNG BAD IAHTE U ROBLOD S,2022-05-04 06:41:53+00:00,,0,0,1,0,en,1521449221261602817,"[{'domain': {'id': '45', 'name': 'Brand Vertical', 'description': 'Top level entities that describe a Brands industry'}, 'entity': {'id': '781974597310615553', 'name': 'Entertainment'}}, {'domain': {'id': '46', 'name': 'Brand Category', 'description': 'Categories within Brand Verticals that narrow down the scope of Brands'}, 'entity': {'id': '781974597222535168', 'name': 'Online Services'}}, {'domain': {'id': '47', 'name': 'Brand', 'description': 'Brands and Companies'}, 'entity': {'id': '10040276669', 'name': 'Spotify'}}, {'domain': {'id': '67', 'name': 'Interests and Hobbies', 'description': 'Interests, opinions, and behaviors of individuals, groups, or cultures; like Speciality Cooking or Theme Parks'}, 'entity': {'id': '1288826829634035714', 'name': 'Backstage'}}, {'domain': {'id': '71', 'name': 'Video Game', 'description': 'A video game like Overwatch'}, 'entity': {'id': '1088118927580774400', 'name': 'Roblox', 'description': 'Roblox'}}]","{'mentions': [{'start': 0, 'end': 8, 'username': 'Spotify', 'id': '17230018'}, {'start': 9, 'end': 16, 'username': 'Roblox', 'id': '16745055'}]}",,False,,everyone,Twitter Web App
1521741889866772481,1513903732412633088,Whats happend to #roblox another shut down again?! Or have I been hacked? #robloxhelp #roblox2022 #hasrobloxshutdown https://t.co/6yWCuHS9LC,2022-05-04 06:41:53+00:00,,0,1,1,0,en,1521741889866772481,"[{'domain': {'id': '71', 'name': 'Video Game', 'description': 'A video game like Overwatch'}, 'entity': {'id': '1088118927580774400', 'name': 'Roblox', 'description': 'Roblox'}}]","{'urls': [{'start': 117, 'end': 140, 'url': 'https://t.co/6yWCuHS9LC', 'expanded_url': 'https://twitter.com/abbiesroblox_/status/1521741889866772481/photo/1', 'display_url': 'pic.twitter.com/6yWCuHS9LC', 'media_key': '3_1521741623041961985'}], 'hashtags': [{'start': 17, 'end': 24, 'tag': 'roblox'}, {'start': 74, 'end': 85, 'tag': 'robloxhelp'}, {'start': 86, 'end': 97, 'tag': 'roblox2022'}, {'start': 98, 'end': 116, 'tag': 'hasrobloxshutdown'}]}",{'media_keys': ['3_1521741623041961985']},False,,everyone,Twitter Web App
1521741887220109318,1497165338160607246,@Roblox Ohh why does this always happen,2022-05-04 06:41:53+00:00,,0,0,0,0,en,1521728064987688960,"[{'domain': {'id': '71', 'name': 'Video Game', 'description': 'A video game like Overwatch'}, 'entity': {'id': '1088118927580774400', 'name': 'Roblox', 'description': 'Roblox'}}]","{'mentions': [{'start': 0, 'end': 7, 'username': 'Roblox', 'id': '16745055'}]}",,False,,everyone,Twitter for Android
1521741882593726465,1508463649085550596,@Angel06952066 Why Roblox want to play sonic speed sim,2022-05-04 06:41:52+00:00,,0,0,0,0,en,1521649737191018498,"[{'domain': {'id': '71', 'name': 'Video Game', 'description': 'A video game like Overwatch'}, 'entity': {'id': '1088118927580774400', 'name': 'Roblox', 'description': 'Roblox'}}, {'domain': {'id': '130', 'name': 'Multimedia Franchise', 'description': ""Franchises which span multiple forms of media like 'Harry Potter'""}, 'entity': {'id': '993952643209773057', 'name': 'Sonic the Hedgehog', 'description': 'This entity includes all conversation about the franchise, as well as any individual installments in the series, if applicable.\t\t\t\n\nNOTE: Stopped annotating in the Video Game domain (71) on 11/15/19. Moving forward, this entity will annotate to Multimedia Franchise domain (130) only.'}}]","{'annotations': [{'start': 19, 'end': 24, 'probability': 0.3571, 'type': 'Product', 'normalized_text': 'Roblox'}], 'mentions': [{'start': 0, 'end': 14, 'username': 'Angel06952066', 'id': '1410824710644973570'}]}",,False,,everyone,Twitter for Android
1521741882082185216,1319679818670182401,@Roblox Its ok Roblox take ur time,2022-05-04 06:41:51+00:00,,0,0,0,0,en,1521728064987688960,"[{'domain': {'id': '71', 'name': 'Video Game', 'description': 'A video game like Overwatch'}, 'entity': {'id': '1088118927580774400', 'name': 'Roblox', 'description': 'Roblox'}}]","{'mentions': [{'start': 0, 'end': 7, 'username': 'Roblox', 'id': '16745055'}]}",,False,,everyone,Twitter for Android
1521741881566285824,1496970546088747009,@Roblox Roblox not to be rude but. I don't have patience with this type a things I feel like if I was gonna get banned and not get my account back,2022-05-04 06:41:51+00:00,,0,4,9,0,en,1521728064987688960,"[{'domain': {'id': '71', 'name': 'Video Game', 'description': 'A video game like Overwatch'}, 'entity': {'id': '1088118927580774400', 'name': 'Roblox', 'description': 'Roblox'}}]","{'mentions': [{'start': 0, 'end': 7, 'username': 'Roblox', 'id': '16745055'}]}",,False,,everyone,Twitter for Android
1521741880488198144,1457843383624339456,@Roblox ty but hopefully yalls dont freak out like u did last time ☠️,2022-05-04 06:41:51+00:00,,0,0,0,0,en,1521728064987688960,"[{'domain': {'id': '71', 'name': 'Video Game', 'description': 'A video game like Overwatch'}, 'entity': {'id': '1088118927580774400', 'name': 'Roblox', 'description': 'Roblox'}}]","{'mentions': [{'start': 0, 'end': 7, 'username': 'Roblox', 'id': '16745055'}]}",,False,,everyone,Twitter Web App
1521741877816537089,1132551038051987456,@whoareyouwha @Roblox Bruh bad boy,2022-05-04 06:41:50+00:00,,0,1,0,0,en,1521728064987688960,"[{'domain': {'id': '71', 'name': 'Video Game', 'description': 'A video game like Overwatch'}, 'entity': {'id': '1088118927580774400', 'name': 'Roblox', 'description': 'Roblox'}}]","{'mentions': [{'start': 14, 'end': 21, 'username': 'Roblox', 'id': '16745055'}]}",,False,,everyone,Twitter for Android
1521741868778016768,1362977252586053636,@Roblox i just bought robux!!! WTHHH,2022-05-04 06:41:48+00:00,,0,0,0,0,en,1521728064987688960,"[{'domain': {'id': '71', 'name': 'Video Game', 'description': 'A video game like Overwatch'}, 'entity': {'id': '1088118927580774400', 'name': 'Roblox', 'description': 'Roblox'}}]","{'mentions': [{'start': 0, 'end': 7, 'username': 'Roblox', 'id': '16745055'}]}",,False,,everyone,Twitter Web App
1521741866667892736,1435031299647950849,@Roblox Deadass this happens on my birthday 🎉,2022-05-04 06:41:48+00:00,,0,0,0,0,en,1521728064987688960,"[{'domain': {'id': '71', 'name': 'Video Game', 'description': 'A video game like Overwatch'}, 'entity': {'id': '1088118927580774400', 'name': 'Roblox', 'description': 'Roblox'}}]","{'mentions': [{'start': 0, 'end': 7, 'username': 'Roblox', 'id': '16745055'}]}",,False,,everyone,Twitter for Android
1521741864780673024,1467775903149219840,@KURTTYLERCHARR3 @Asensii20 @Roblox lmao https://t.co/1GJcEkchAm,2022-05-04 06:41:47+00:00,,0,1,0,0,ht,1521728064987688960,"[{'domain': {'id': '71', 'name': 'Video Game', 'description': 'A video game like Overwatch'}, 'entity': {'id': '1088118927580774400', 'name': 'Roblox', 'description': 'Roblox'}}]","{'urls': [{'start': 41, 'end': 64, 'url': 'https://t.co/1GJcEkchAm', 'expanded_url': 'https://twitter.com/OfficialKi11a/status/1521741864780673024/photo/1', 'display_url': 'pic.twitter.com/1GJcEkchAm', 'media_key': '3_1521741840885719041'}], 'mentions': [{'start': 0, 'end': 16, 'username': 'KURTTYLERCHARR3', 'id': '1521731316357599232'}, {'start': 17, 'end': 27, 'username': 'Asensii20', 'id': '770001997550551041'}, {'start': 28, 'end': 35, 'username': 'Roblox', 'id': '16745055'}]}",{'media_keys': ['3_1521741840885719041']},False,,everyone,Twitter Web App
1521741861504790529,1486929968252989444,@Roblox Bruhhhhh im so boredd,2022-05-04 06:41:47+00:00,,0,0,0,0,en,1521728064987688960,"[{'domain': {'id': '71', 'name': 'Video Game', 'description': 'A video game like Overwatch'}, 'entity': {'id': '1088118927580774400', 'name': 'Roblox', 'description': 'Roblox'}}]","{'mentions': [{'start': 0, 'end': 7, 'username': 'Roblox', 'id': '16745055'}]}",,False,,everyone,Twitter for Android
1521741861303373825,1430138474032553991,while roblox is down look at this awesome game im working on with a friend #RobloxDown https://t.co/6l8jIX7Q3T,2022-05-04 06:41:46+00:00,,3,2,24,0,en,1521741861303373825,"[{'domain': {'id': '71', 'name': 'Video Game', 'description': 'A video game like Overwatch'}, 'entity': {'id': '1088118927580774400', 'name': 'Roblox', 'description': 'Roblox'}}]","{'annotations': [{'start': 6, 'end': 11, 'probability': 0.3241, 'type': 'Product', 'normalized_text': 'roblox'}], 'urls': [{'start': 87, 'end': 110, 'url': 'https://t.co/6l8jIX7Q3T', 'expanded_url': 'https://twitter.com/nnitro_/status/1521741861303373825/video/1', 'display_url': 'pic.twitter.com/6l8jIX7Q3T', 'media_key': '7_1521741774036766721'}], 'hashtags': [{'start': 75, 'end': 86, 'tag': 'RobloxDown'}]}",{'media_keys': ['7_1521741774036766721']},False,,everyone,Twitter for Android
1521741861094064129,1506463188405329923,@Chaseroony @Roblox i agree,2022-05-04 06:41:46+00:00,,0,0,0,0,en,1521728064987688960,"[{'domain': {'id': '71', 'name': 'Video Game', 'description': 'A video game like Overwatch'}, 'entity': {'id': '1088118927580774400', 'name': 'Roblox', 'description': 'Roblox'}}]","{'mentions': [{'start': 0, 'end': 11, 'username': 'Chaseroony', 'id': '1129473457685651458'}, {'start': 12, 'end': 19, 'username': 'Roblox', 'id': '16745055'}]}",,False,,everyone,Twitter Web App
1521741854957473797,1421811003986116611,@Roblox how long it need to be fixed?,2022-05-04 06:41:45+00:00,,0,0,0,0,en,1521728064987688960,"[{'domain': {'id': '71', 'name': 'Video Game', 'description': 'A video game like Overwatch'}, 'entity': {'id': '1088118927580774400', 'name': 'Roblox', 'description': 'Roblox'}}]","{'mentions': [{'start': 0, 'end': 7, 'username': 'Roblox', 'id': '16745055'}]}",,False,,everyone,Twitter Web App
1521741854936801281,1486567071756390404,Me when roblox is down : STHU I AM LISTENING TO BADAPPLE!!!!!!!!1!1!1!1! https://t.co/9p5NrfzjHL,2022-05-04 06:41:45+00:00,,0,0,0,0,en,1521741854936801281,"[{'domain': {'id': '71', 'name': 'Video Game', 'description': 'A video game like Overwatch'}, 'entity': {'id': '1088118927580774400', 'name': 'Roblox', 'description': 'Roblox'}}]","{'urls': [{'start': 73, 'end': 96, 'url': 'https://t.co/9p5NrfzjHL', 'expanded_url': 'https://twitter.com/Jellyfi47266477/status/1521741854936801281/photo/1', 'display_url': 'pic.twitter.com/9p5NrfzjHL', 'media_key': '3_1521741852575416321'}]}",{'media_keys': ['3_1521741852575416321']},False,,everyone,Twitter for Android
1521741851929477121,1510850463767601155,@Roblox FINALLY AN UPDATE!,2022-05-04 06:41:44+00:00,,0,0,0,0,en,1521728064987688960,"[{'domain': {'id': '71', 'name': 'Video Game', 'description': 'A video game like Overwatch'}, 'entity': {'id': '1088118927580774400', 'name': 'Roblox', 'description': 'Roblox'}}]","{'mentions': [{'start': 0, 'end': 7, 'username': 'Roblox', 'id': '16745055'}]}",,False,,everyone,Twitter Web App
1521741851929325571,1492555963890610182,@Roblox great now i am on the laggy side,2022-05-04 06:41:44+00:00,,0,0,0,0,en,1521728064987688960,"[{'domain': {'id': '71', 'name': 'Video Game', 'description': 'A video game like Overwatch'}, 'entity': {'id': '1088118927580774400', 'name': 'Roblox', 'description': 'Roblox'}}]","{'mentions': [{'start': 0, 'end': 7, 'username': 'Roblox', 'id': '16745055'}]}",,False,,everyone,Twitter Web App
1521741848267603968,1492080121892806660,"ich der immernoch keine huge pets gezogen habe :(
#petsimx #petsimxleaks #roblox #robloxdev #PetSimulatorX",2022-05-04 06:41:43+00:00,,7,1,7,0,de,1521741848267603968,"[{'domain': {'id': '71', 'name': 'Video Game', 'description': 'A video game like Overwatch'}, 'entity': {'id': '1088118927580774400', 'name': 'Roblox', 'description': 'Roblox'}}]","{'hashtags': [{'start': 50, 'end': 58, 'tag': 'petsimx'}, {'start': 59, 'end': 72, 'tag': 'petsimxleaks'}, {'start': 73, 'end': 80, 'tag': 'roblox'}, {'start': 81, 'end': 91, 'tag': 'robloxdev'}, {'start': 92, 'end': 106, 'tag': 'PetSimulatorX'}]}",,False,,everyone,Twitter for Android
1521741845348245507,1289834519713820674,#roblox #robloxgiftcard #robloxgiveaways https://t.co/CJ1lVl2dil,2022-05-04 06:41:43+00:00,,1,0,1,0,qht,1521741845348245507,"[{'domain': {'id': '71', 'name': 'Video Game', 'description': 'A video game like Overwatch'}, 'entity': {'id': '1088118927580774400', 'name': 'Roblox', 'description': 'Roblox'}}]","{'urls': [{'start': 41, 'end': 64, 'url': 'https://t.co/CJ1lVl2dil', 'expanded_url': 'https://twitter.com/ITS_NO0BTOW3R/status/1521741279931301888', 'display_url': 'twitter.com/ITS_NO0BTOW3R/…'}], 'hashtags': [{'start': 0, 'end': 7, 'tag': 'roblox'}, {'start': 8, 'end': 23, 'tag': 'robloxgiftcard'}, {'start': 24, 'end': 40, 'tag': 'robloxgiveaways'}]}",,False,,everyone,Twitter for Android
1521741845209903104,1507664287958921220,"Roblox, WHY. https://t.co/MnU0ens8ev",2022-05-04 06:41:43+00:00,,0,0,0,0,en,1521741845209903104,"[{'domain': {'id': '71', 'name': 'Video Game', 'description': 'A video game like Overwatch'}, 'entity': {'id': '1088118927580774400', 'name': 'Roblox', 'description': 'Roblox'}}]","{'urls': [{'start': 13, 'end': 36, 'url': 'https://t.co/MnU0ens8ev', 'expanded_url': 'https://twitter.com/p_teahh/status/1521741845209903104/photo/1', 'display_url': 'pic.twitter.com/MnU0ens8ev', 'media_key': '3_1521741842756239360'}]}",{'media_keys': ['3_1521741842756239360']},False,,everyone,Twitter for Android
1521741843016273921,1496511390265520128,@Roblox Not Kim Kardashian destroying Roblox 🙄,2022-05-04 06:41:42+00:00,,0,0,0,0,en,1521728064987688960,"[{'domain': {'id': '10', 'name': 'Person', 'description': 'Named people in the world like Nelson Mandela'}, 'entity': {'id': '806570121959383040', 'name': 'Kim Kardashian', 'description': 'Kim Kardashian'}}, {'domain': {'id': '58', 'name': 'Entertainment Personality', 'description': 'An entertainment personality in the world, like Anderson Cooper or Miranda Sings'}, 'entity': {'id': '806570121959383040', 'name': 'Kim Kardashian', 'description': 'Kim Kardashian'}}, {'domain': {'id': '71', 'name': 'Video Game', 'description': 'A video game like Overwatch'}, 'entity': {'id': '1088118927580774400', 'name': 'Roblox', 'description': 'Roblox'}}]","{'annotations': [{'start': 12, 'end': 25, 'probability': 0.9898, 'type': 'Person', 'normalized_text': 'Kim Kardashian'}, {'start': 38, 'end': 43, 'probability': 0.3283, 'type': 'Product', 'normalized_text': 'Roblox'}], 'mentions': [{'start': 0, 'end': 7, 'username': 'Roblox', 'id': '16745055'}]}",,False,,everyone,Twitter for Android
1521741836251197440,1462312106041118727,@roblox fix the game before i  throw a heatseeking chancla,2022-05-04 06:41:41+00:00,,0,0,0,0,en,1521741836251197440,"[{'domain': {'id': '71', 'name': 'Video Game', 'description': 'A video game like Overwatch'}, 'entity': {'id': '1088118927580774400', 'name': 'Roblox', 'description': 'Roblox'}}]","{'mentions': [{'start': 0, 'end': 7, 'username': 'Roblox', 'id': '16745055'}]}",,False,,everyone,Twitter Web App
1521741834485387264,1521006523551739904,@Roblox I need a refund,2022-05-04 06:41:40+00:00,,0,0,0,0,en,1521728064987688960,"[{'domain': {'id': '71', 'name': 'Video Game', 'description': 'A video game like Overwatch'}, 'entity': {'id': '1088118927580774400', 'name': 'Roblox', 'description': 'Roblox'}}]","{'mentions': [{'start': 0, 'end': 7, 'username': 'Roblox', 'id': '16745055'}]}",,False,,everyone,Twitter for Android
1521741831981404161,1404973947863461888,@DaRealMiniToon @awsum_rblx @Roblox_RTC awsum really committed a kreekcraft💀,2022-05-04 06:41:39+00:00,,0,0,1,0,en,1521731292286619649,[],"{'mentions': [{'start': 0, 'end': 15, 'username': 'DaRealMiniToon', 'id': '1236757689411063808'}, {'start': 16, 'end': 27, 'username': 'awsum_rblx', 'id': '906556830981033984'}, {'start': 28, 'end': 39, 'username': 'Roblox_RTC', 'id': '1056053249470541824'}]}",,False,,everyone,Twitter Web App
1521741830659854336,1381341343562166275,@Juanman91323451 @Roblox XDD,2022-05-04 06:41:39+00:00,,0,0,1,0,und,1521728064987688960,"[{'domain': {'id': '71', 'name': 'Video Game', 'description': 'A video game like Overwatch'}, 'entity': {'id': '1088118927580774400', 'name': 'Roblox', 'description': 'Roblox'}}]","{'mentions': [{'start': 0, 'end': 16, 'username': 'Juanman91323451', 'id': '1426083402256588801'}, {'start': 17, 'end': 24, 'username': 'Roblox', 'id': '16745055'}]}",,False,,everyone,Twitter for iPhone
1521741829741371393,1469957799916765185,@Roblox please put middle east servers,2022-05-04 06:41:39+00:00,,0,0,0,0,en,1521728064987688960,"[{'domain': {'id': '71', 'name': 'Video Game', 'description': 'A video game like Overwatch'}, 'entity': {'id': '1088118927580774400', 'name': 'Roblox', 'description': 'Roblox'}}]","{'mentions': [{'start': 0, 'end': 7, 'username': 'Roblox', 'id': '16745055'}]}",,False,,everyone,Twitter Web App
1521741828248072192,1410089646701359104,@Spotify @Roblox Pack your bags and leave Roblox cus it's down,2022-05-04 06:41:39+00:00,,0,0,0,0,en,1521449221261602817,"[{'domain': {'id': '45', 'name': 'Brand Vertical', 'description': 'Top level entities that describe a Brands industry'}, 'entity': {'id': '781974597310615553', 'name': 'Entertainment'}}, {'domain': {'id': '46', 'name': 'Brand Category', 'description': 'Categories within Brand Verticals that narrow down the scope of Brands'}, 'entity': {'id': '781974597222535168', 'name': 'Online Services'}}, {'domain': {'id': '47', 'name': 'Brand', 'description': 'Brands and Companies'}, 'entity': {'id': '10040276669', 'name': 'Spotify'}}, {'domain': {'id': '67', 'name': 'Interests and Hobbies', 'description': 'Interests, opinions, and behaviors of individuals, groups, or cultures; like Speciality Cooking or Theme Parks'}, 'entity': {'id': '1288826829634035714', 'name': 'Backstage'}}, {'domain': {'id': '71', 'name': 'Video Game', 'description': 'A video game like Overwatch'}, 'entity': {'id': '1088118927580774400', 'name': 'Roblox', 'description': 'Roblox'}}]","{'annotations': [{'start': 42, 'end': 47, 'probability': 0.4868, 'type': 'Product', 'normalized_text': 'Roblox'}], 'mentions': [{'start': 0, 'end': 8, 'username': 'Spotify', 'id': '17230018'}, {'start': 9, 'end': 16, 'username': 'Roblox', 'id': '16745055'}]}",,False,,everyone,Twitter Web App
1521741824268054528,1287681055172866048,@Amethystaaaaa @Roblox Wtf you're like 5,2022-05-04 06:41:38+00:00,,0,2,0,0,en,1521728064987688960,"[{'domain': {'id': '71', 'name': 'Video Game', 'description': 'A video game like Overwatch'}, 'entity': {'id': '1088118927580774400', 'name': 'Roblox', 'description': 'Roblox'}}]","{'mentions': [{'start': 0, 'end': 14, 'username': 'Amethystaaaaa', 'id': '1453556795792936960'}, {'start': 15, 'end': 22, 'username': 'Roblox', 'id': '16745055'}]}",,False,,everyone,Twitter Web App
1521741823961858054,1005304513132036096,@Roblox_RTC @DaRealMiniToon Don't get me wrong it was not down 7 hours ago. It was down for 14 hours.,2022-05-04 06:41:38+00:00,,0,0,0,0,en,1521731292286619649,[],"{'mentions': [{'start': 0, 'end': 11, 'username': 'Roblox_RTC', 'id': '1056053249470541824'}, {'start': 12, 'end': 27, 'username': 'DaRealMiniToon', 'id': '1236757689411063808'}]}",,False,,everyone,Twitter for Android
1521741809613144064,1521710562433900544,@Roblox Hope ROBLOX comes back online very soon,2022-05-04 06:41:34+00:00,,0,0,0,0,en,1521728064987688960,"[{'domain': {'id': '71', 'name': 'Video Game', 'description': 'A video game like Overwatch'}, 'entity': {'id': '1088118927580774400', 'name': 'Roblox', 'description': 'Roblox'}}]","{'annotations': [{'start': 13, 'end': 18, 'probability': 0.4075, 'type': 'Organization', 'normalized_text': 'ROBLOX'}], 'mentions': [{'start': 0, 'end': 7, 'username': 'Roblox', 'id': '16745055'}]}",,False,,everyone,Twitter Web App
1521741807738044416,1439627094330421248,@Roblox Roblox cmon. Not trying to rush or anything but smh https://t.co/B3rwb3cKEG,2022-05-04 06:41:34+00:00,,0,0,0,0,en,1521728064987688960,"[{'domain': {'id': '71', 'name': 'Video Game', 'description': 'A video game like Overwatch'}, 'entity': {'id': '1088118927580774400', 'name': 'Roblox', 'description': 'Roblox'}}]","{'urls': [{'start': 60, 'end': 83, 'url': 'https://t.co/B3rwb3cKEG', 'expanded_url': 'https://twitter.com/Elitesim1/status/1521741807738044416/photo/1', 'display_url': 'pic.twitter.com/B3rwb3cKEG', 'media_key': '3_1521741801425678336'}], 'mentions': [{'start': 0, 'end': 7, 'username': 'Roblox', 'id': '16745055'}]}",{'media_keys': ['3_1521741801425678336']},True,,everyone,Twitter for iPhone
1521741807410896896,1420512287794896903,@NoticiasUgc Nooo roblox se volvió a caer,2022-05-04 06:41:34+00:00,,0,0,0,0,es,1521679440945635328,"[{'domain': {'id': '71', 'name': 'Video Game', 'description': 'A video game like Overwatch'}, 'entity': {'id': '1088118927580774400', 'name': 'Roblox', 'description': 'Roblox'}}]","{'mentions': [{'start': 0, 'end': 12, 'username': 'NoticiasUgc', 'id': '1360224426529329155'}]}",,False,,everyone,Twitter for Android
1521741804659425282,1487335446216589314,@softkamii @Roblox me,2022-05-04 06:41:33+00:00,,0,0,0,0,und,1521728064987688960,"[{'domain': {'id': '71', 'name': 'Video Game', 'description': 'A video game like Overwatch'}, 'entity': {'id': '1088118927580774400', 'name': 'Roblox', 'description': 'Roblox'}}]","{'mentions': [{'start': 0, 'end': 10, 'username': 'softkamii', 'id': '1424477080310501382'}, {'start': 11, 'end': 18, 'username': 'Roblox', 'id': '16745055'}]}",,False,,everyone,Twitter Web App
1521741804181151744,1488345623778639879,@Roblox its been a year daddy...,2022-05-04 06:41:33+00:00,,0,0,1,0,en,1521728064987688960,"[{'domain': {'id': '71', 'name': 'Video Game', 'description': 'A video game like Overwatch'}, 'entity': {'id': '1088118927580774400', 'name': 'Roblox', 'description': 'Roblox'}}]","{'mentions': [{'start': 0, 'end': 7, 'username': 'Roblox', 'id': '16745055'}]}",,False,,everyone,Twitter Web App
1521741800083705856,1516688485205553156,roblox down i am ending my life,2022-05-04 06:41:32+00:00,,0,1,0,0,en,1521741800083705856,"[{'domain': {'id': '71', 'name': 'Video Game', 'description': 'A video game like Overwatch'}, 'entity': {'id': '1088118927580774400', 'name': 'Roblox', 'description': 'Roblox'}}]",,,False,,everyone,Twitter for iPhone
1521741800070856704,1006780410246975490,@Roblox Yooo this shit doing numbers 🔥🔥🔥,2022-05-04 06:41:32+00:00,,0,0,0,0,en,1521728064987688960,"[{'domain': {'id': '71', 'name': 'Video Game', 'description': 'A video game like Overwatch'}, 'entity': {'id': '1088118927580774400', 'name': 'Roblox', 'description': 'Roblox'}}]","{'mentions': [{'start': 0, 'end': 7, 'username': 'Roblox', 'id': '16745055'}]}",,False,,everyone,Twitter for Android
1521741798757986304,1457345673020735488,@Roblox not again.,2022-05-04 06:41:32+00:00,,0,0,0,0,en,1521728064987688960,"[{'domain': {'id': '71', 'name': 'Video Game', 'description': 'A video game like Overwatch'}, 'entity': {'id': '1088118927580774400', 'name': 'Roblox', 'description': 'Roblox'}}]","{'mentions': [{'start': 0, 'end': 7, 'username': 'Roblox', 'id': '16745055'}]}",,False,,everyone,Twitter Web App
1521741792349065216,1454055510538215432,@Roblox Soo when are you guys gonna fix it or going to fix it??,2022-05-04 06:41:30+00:00,,0,0,0,0,en,1521728064987688960,"[{'domain': {'id': '71', 'name': 'Video Game', 'description': 'A video game like Overwatch'}, 'entity': {'id': '1088118927580774400', 'name': 'Roblox', 'description': 'Roblox'}}]","{'mentions': [{'start': 0, 'end': 7, 'username': 'Roblox', 'id': '16745055'}]}",,False,,everyone,Twitter for Android
1521741792173039616,1382552106276581377,@Roblox said roblox as they took more of 5-6 hours to fix their fan to cool down their only server being sure at least more of 50 people,2022-05-04 06:41:30+00:00,,0,0,0,0,en,1521728064987688960,"[{'domain': {'id': '71', 'name': 'Video Game', 'description': 'A video game like Overwatch'}, 'entity': {'id': '1088118927580774400', 'name': 'Roblox', 'description': 'Roblox'}}]","{'mentions': [{'start': 0, 'end': 7, 'username': 'Roblox', 'id': '16745055'}]}",,False,,everyone,Twitter for Android
1521741791611039744,1408689541410664450,@Roblox Please I need to talk to my boyfriends😭😭😭😭😭,2022-05-04 06:41:30+00:00,,0,0,1,0,en,1521728064987688960,"[{'domain': {'id': '71', 'name': 'Video Game', 'description': 'A video game like Overwatch'}, 'entity': {'id': '1088118927580774400', 'name': 'Roblox', 'description': 'Roblox'}}]","{'mentions': [{'start': 0, 'end': 7, 'username': 'Roblox', 'id': '16745055'}]}",,False,,everyone,Twitter for iPhone
1521741791586037763,1482355451237134336,What the fuck happened to @Roblox  account https://t.co/QxiHvnG5jp,2022-05-04 06:41:30+00:00,,0,0,0,0,en,1521741791586037763,"[{'domain': {'id': '71', 'name': 'Video Game', 'description': 'A video game like Overwatch'}, 'entity': {'id': '1088118927580774400', 'name': 'Roblox', 'description': 'Roblox'}}]","{'urls': [{'start': 43, 'end': 66, 'url': 'https://t.co/QxiHvnG5jp', 'expanded_url': 'https://twitter.com/BnBn47886335/status/1521741791586037763/photo/1', 'display_url': 'pic.twitter.com/QxiHvnG5jp', 'media_key': '3_1521741788494852096'}], 'mentions': [{'start': 26, 'end': 33, 'username': 'Roblox', 'id': '16745055'}]}",{'media_keys': ['3_1521741788494852096']},False,,everyone,Twitter for Android
